47 0
301 1
1562 1
194 1
343 2
1692 2
2468 0
2281 0
50 1
545 0
2385 3
2197 1
947 3
2594 3
846 0
728 2
1401 4
2610 0
274 2
403 2
637 1
1437 1
2425 0
1944 0
1085 4
208 4
365 0
282 3
104 2
950 4
980 2
988 2
1644 4
1136 0
264 2
133 3
1934 3
1715 4
2640 4
1885 4
809 4
244 2
1654 0
1129 4
2602 3
1223 4
268 1
2133 1
2577 2
418 2
2179 0
2048 1
788 1
757 1
200 2
1072 3
2454 3
1190 3
284 3
732 0
318 1
1682 3
1206 2
1060 1
1749 3
404 3
1449 0
2244 1
2360 2
1294 4
670 0
1119 2
2253 0
248 0
2208 4
879 4
702 2
2369 4
1794 4
279 4
49 0
1869 0
2392 2
2603 2
1959 0
1602 3
491 0
2343 4
494 3
1703 0
1883 0
196 0
1254 1
1218 0
78 3
16 0
113 2
596 4
252 4
495 0
1800 0
1077 4
341 3
696 3
2355 2
1161 3
528 1
616 2
2568 2
1076 0
72 1
2041 2
1058 2
363 3
1671 0
622 2
1368 3
1792 4
2067 3
1435 1
1606 2
1557 4
1099 1
97 4
774 0
1124 2
1916 0
1450 1
1025 3
453 3
1369 4
2037 0
2634 0
837 4
917 2
474 2
1656 4
1773 1
1227 2
1133 1
63 3
405 2
956 1
40 2
1533 2
1741 1
1491 2
1178 0
1319 4
481 4
1473 4
1183 4
1639 1
1998 4
1577 4
536 4
1239 3
292 1
2570 3
1338 0
349 3
1938 1
1843 0
429 3
1815 3
202 4
1726 3
1975 4
873 3
2001 2
2561 0
1347 3
720 0
2333 0
1125 0
2372 4
1404 4
1648 2
2328 1
1406 4
989 0
2431 2
2613 4
2376 3
1750 4
436 0
219 2
2590 3
2204 1
2185 0
893 1
682 1
601 2
142 2
640 1
1592 1
531 2
999 1
482 1
2316 1
1604 1
2019 1
2112 2
1704 3
1095 2
62 4
1997 4
89 2
1574 0
1215 3
411 0
922 0
864 2
2145 4
555 3
2181 2
1710 2
170 0
2505 0
1535 2
1042 2
951 1
840 1
1160 2
1321 0
823 1
1563 1
2190 0
228 1
1082 0
216 4
1545 4
868 4
760 0
229 4
1805 2
180 0
1810 0
1597 4
46 3
813 3
719 0
1489 3
1633 4
1717 4
327 0
1635 2
2129 2
1811 3
1469 4
2121 2
570 0
1759 1
487 4
2492 1
1422 3
1667 0
2419 2
502 0
1974 3
1040 1
1663 0
2058 4
1503 0
2427 3
2104 3
1348 0
366 1
882 1
618 0
1112 3
1130 2
1582 4
1651 3
773 2
2287 4
2282 4
397 0
1799 2
937 0
2396 1
175 4
2149 4
1920 3
1519 2
1898 2
1424 2
275 1
1946 4
1094 0
2154 0
1685 4
2441 2
2000 1
762 3
1622 2
714 3
35 3
2020 2
2423 4
638 2
796 4
2401 2
814 0
2285 4
111 0
2225 2
2416 2
235 0
181 2
595 0
2330 3
1956 0
1542 4
2220 4
854 0
317 2
110 0
1636 4
742 3
2417 3
791 3
1948 1
1693 4
1548 3
727 1
2144 2
2412 4
1007 4
1530 3
1675 3
580 0
1014 2
230 3
354 4
443 0
1419 3
372 3
1901 4
2340 3
857 4
461 2
1637 4
1689 2
990 3
1631 0
1264 3
1567 1
1488 3
478 1
2278 1
1638 2
2596 0
2193 0
152 1
1243 1
192 3
936 1
2628 4
2571 3
633 2
1641 2
1301 2
855 2
2310 4
1407 2
1149 3
1327 4
1090 0
1008 1
386 4
1204 3
1342 3
519 3
565 2
144 0
1600 3
1104 2
207 0
112 4
2214 2
758 4
2619 1
297 4
1052 2
1531 0
2228 0
591 0
3 3
2203 3
2393 3
2152 4
903 1
1973 2
1797 3
2252 0
2374 2
1754 4
2565 1
2649 1
1083 4
1996 2
2447 0
709 1
2439 0
245 1
2140 4
733 2
2345 0
2600 3
1594 3
1069 3
2308 3
654 3
2482 3
1107 3
1942 4
929 4
1992 4
1852 3
488 4
2015 0
547 0
435 1
1957 2
2486 4
1079 2
1678 0
479 0
1525 4
407 4
2448 2
966 4
84 3
2125 4
1337 2
1927 0
36 2
2311 2
1318 1
1408 1
1384 4
708 4
323 3
2346 0
2169 2
186 4
6 1
9 2
1827 4
1432 4
2348 2
2196 3
1657 4
1365 2
125 3
2500 1
1796 3
1540 1
1114 4
695 1
2540 0
876 1
2455 0
1627 2
1520 0
2013 4
302 4
329 0
2072 3
1721 2
608 3
2465 0
1343 3
1036 2
1555 0
1647 1
287 1
535 2
1783 3
1210 4
2386 4
1808 0
607 2
432 3
1947 2
325 3
2232 3
1229 0
2433 2
707 2
1341 2
455 2
619 0
1173 3
666 4
149 2
1335 3
2480 0
2178 0
447 3
29 3
1300 3
1864 0
1375 1
1619 3
1037 0
1817 3
210 4
1924 0
2483 2
413 3
205 2
108 1
20 2
2035 0
2263 0
991 1
486 0
2207 0
423 4
2317 0
1668 3
1296 2
2508 0
2275 0
877 4
2116 3
2484 2
1333 1
1985 2
1833 3
735 2
59 3
2262 4
699 1
136 3
1121 2
225 0
2326 2
1625 4
75 3
412 4
1510 4
1427 0
123 3
2055 2
1089 1
1967 4
1738 4
2291 3
1666 1
2136 2
649 0
1919 2
442 4
1260 0
750 0
1716 4
2240 4
1858 2
2298 4
822 0
824 2
2502 4
2478 2
700 4
238 3
2007 1
1891 4
419 4
1382 3
2305 3
2517 4
628 1
1097 3
2090 4
410 0
1485 3
1043 4
1103 2
1433 4
2599 4
2390 3
353 1
2229 1
908 2
2488 2
2122 4
1698 0
2544 2
833 4
1462 3
2182 0
994 3
2279 3
2271 0
2400 4
766 4
1376 0
1910 4
1168 0
1879 3
1595 1
1887 1
1344 1
2450 0
2111 0
1023 1
2584 2
2647 0
627 2
2563 2
1358 2
1961 1
371 3
1765 0
2057 3
394 4
1915 3
642 4
2107 4
1266 2
1179 1
1522 0
985 4
1788 3
1313 3
902 3
2221 2
1345 4
517 0
1713 1
1718 2
811 0
2118 3
1251 3
384 4
1991 0
53 0
1691 3
2520 4
2527 4
1015 3
2589 2
1244 3
1212 3
2491 0
1917 3
1868 3
1339 2
1949 0
444 4
770 0
644 2
31 0
2461 3
590 4
91 0
2074 3
2341 0
64 3
746 2
775 1
1828 0
1894 2
1048 2
1629 3
1534 0
1772 0
1309 4
2646 3
290 1
1578 0
2368 0
1217 4
1609 3
2288 4
2320 0
798 2
1976 0
2585 2
344 0
116 4
2552 2
1163 1
794 3
740 4
1070 0
1350 1
1968 2
2234 2
1867 3
1051 0
153 4
1287 0
324 4
2202 4
2251 1
1673 2
1553 2
871 1
41 1
1866 0
1890 2
1484 1
577 0
2581 2
2456 4
1405 4
422 4
1290 4
790 0
2462 3
2085 4
1398 2
1830 4
2098 4
1821 3
1414 3
1854 3
367 3
995 2
2209 0
2471 4
2612 0
2051 2
1315 2
694 4
1132 0
2446 2
328 3
1795 4
504 4
114 3
1496 3
1570 0
2440 2
2479 3
2113 0
909 4
2567 4
1950 2
1521 3
2611 3
831 0
189 2
299 4
888 3
1064 4
2494 4
1463 0
949 2
2650 4
2233 4
1373 4
1652 4
1370 0
1482 4
1979 2
213 0
2530 0
2153 4
2243 0
2356 2
416 1
1970 1
1836 0
2329 2
1118 1
2566 1
1860 2
2319 1
1659 1
804 1
551 1
2469 1
448 1
1840 4
1777 1
1902 3
557 3
1892 4
2237 2
747 2
1045 0
239 0
1305 3
462 2
2160 4
2562 4
1634 0
1851 0
1026 2
852 1
2222 2
2354 1
2224 1
445 2
1006 0
693 1
2429 2
291 2
2100 2
2533 0
375 0
2424 2
2141 0
440 4
1010 4
2321 4
564 0
2365 1
1781 3
2607 4
2470 1
1743 3
65 3
1822 0
960 2
1746 4
674 0
1428 1
678 1
250 4
128 4
1732 3
1420 4
1893 1
1679 4
1972 4
2260 1
2608 4
88 0
1233 4
1922 3
197 1
2529 3
1387 3
1366 1
2370 0
492 2
2358 1
2195 4
1436 4
1662 3
1092 0
685 4
887 2
1128 0
800 0
2078 2
1664 0
1771 4
1459 1
1057 2
1847 2
373 1
1182 3
1744 3
489 4
2270 2
1367 3
42 4
672 2
737 1
1180 4
1620 4
1272 3
1029 1
749 0
1324 3
2176 4
806 1
1050 0
894 2
701 0
946 0
2023 4
2497 3
940 1
2509 0
1769 3
1402 0
784 1
671 4
734 4
2366 4
2254 0
471 4
2101 4
2079 4
2124 3
1448 4
2239 1
1951 0
2414 1
345 4
2645 0
916 3
76 3
2614 3
859 0
1981 3
561 0
1908 4
1275 0
655 2
2506 4
1925 0
168 2
1126 2
360 1
1497 0
1963 2
166 0
1964 4
313 3
2639 4
1303 0
743 3
1581 2
1630 4
1194 0
2103 0
417 0
1084 3
1248 0
1195 3
485 4
1829 0
240 3
1280 2
1712 2
1311 2
1017 1
2092 3
1019 0
1876 4
2347 3
1140 1
2449 1
621 4
147 1
1984 4
1624 0
1142 2
452 3
2248 4
1931 2
722 0
2114 1
712 2
1385 4
2472 4
86 4
157 4
2110 0
395 4
716 4
2206 0
2361 1
677 0
587 0
1147 2
958 3
1695 0
898 3
2526 4
1760 4
1707 0
2156 3
2408 4
1512 1
2391 3
1169 1
1306 4
923 4
1856 4
944 1
1411 4
1353 3
942 0
2323 3
2403 2
533 0
2499 0
2257 4
673 2
1605 4
164 4
1235 4
1377 4
858 1
1921 1
2159 2
332 0
115 3
1995 4
579 4
222 2
2188 2
2409 0
573 2
420 1
2290 3
2173 2
1041 4
498 4
1240 1
1742 0
1546 2
231 0
2359 1
1870 3
1722 2
2595 2
2553 2
1837 0
129 3
1200 2
2036 2
1569 3
1584 2
43 3
620 0
910 2
2511 4
300 4
1580 0
315 2
972 1
1576 2
1952 2
1824 1
1202 0
1612 3
906 0
632 0
2165 3
1845 3
731 3
1444 3
296 2
992 0
589 4
1955 0
1880 3
1388 3
2569 3
725 3
2273 2
148 4
996 0
1747 4
2394 0
974 4
938 3
1225 4
1357 1
825 3
1736 0
2089 3
1166 1
497 0
1532 3
2177 1
2601 4
559 2
2295 4
276 4
1474 4
982 4
523 2
2629 1
2021 2
2642 1
105 2
449 3
1247 2
2438 1
1752 2
568 0
997 4
1055 3
187 4
1591 0
1151 1
340 0
1886 1
2382 0
1279 1
836 0
458 3
2309 3
681 0
1719 4
661 0
2335 0
2211 4
2557 4
897 4
886 3
2246 3
350 4
155 3
1764 4
945 4
391 2
2286 1
755 1
630 1
52 1
729 3
2259 4
583 4
1164 4
1962 2
1238 3
763 2
550 0
901 4
1687 4
1236 3
382 3
1706 2
969 0
1969 0
867 0
952 2
2487 4
469 0
74 0
1993 1
1086 2
1009 2
203 2
1478 4
1004 4
2617 3
1188 2
2546 1
2012 2
1336 3
1172 3
426 0
15 0
298 2
1468 4
1571 4
1159 4
109 2
1729 0
106 2
2583 0
2314 3
1380 1
241 0
754 4
2459 1
1418 3
892 3
594 0
174 2
965 1
1665 2
2572 2
1990 2
2064 0
598 2
2095 0
1550 3
1464 1
303 1
675 1
2578 1
2126 0
1065 3
376 1
73 4
657 3
776 3
2070 3
704 4
2444 2
1416 2
23 3
1120 4
2192 4
400 2
335 1
490 0
629 0
351 4
2268 0
2523 0
138 3
939 1
1694 2
546 4
566 2
797 3
1688 3
1814 0
827 1
2564 0
1549 3
726 3
652 0
480 2
1417 4
1148 3
1362 3
1267 2
1960 2
2099 3
751 3
838 4
1523 0
1176 3
1720 1
334 3
99 3
198 0
1461 2
1529 0
163 4
1394 0
176 4
744 3
1198 3
1355 3
2501 4
2303 3
430 3
1628 0
2031 0
10 3
1135 3
2018 4
1426 4
90 3
2467 4
2519 4
2495 3
2324 4
312 1
2249 0
1762 3
368 3
1098 0
2474 2
124 3
1438 4
1451 2
352 0
2513 4
2022 4
2002 0
135 2
1895 4
310 1
1786 1
141 2
2166 0
1208 4
232 0
273 2
934 3
2142 3
1763 3
738 4
2528 0
1785 0
2464 3
1526 4
647 1
358 2
1297 1
1857 3
150 1
2009 4
1320 4
1192 1
604 3
2017 3
1111 4
508 4
1757 3
2413 2
2138 0
277 3
529 4
1493 4
668 2
1268 2
1479 4
2383 0
665 2
643 0
1174 0
61 4
1877 4
1003 3
390 0
2183 1
2134 3
842 3
82 4
2507 4
2148 4
1517 4
2032 4
2147 0
134 0
172 2
409 1
1403 4
2054 3
293 4
2264 4
1646 2
14 3
2430 3
304 0
1558 4
18 2
204 4
1127 1
503 0
515 4
2623 4
2534 4
534 3
2342 4
1731 2
930 0
1632 0
270 2
2223 4
639 4
602 3
1038 2
1452 2
2315 0
554 3
2073 2
2216 1
381 3
1849 2
1170 2
1078 1
1846 4
267 4
1307 4
1226 3
1102 2
1056 4
977 1
1492 0
1923 4
715 3
1062 0
121 0
460 0
25 0
1039 0
1283 2
875 4
1115 2
2327 4
1032 1
1928 3
610 4
769 4
1237 3
387 0
1660 2
1850 4
392 1
265 3
2161 4
914 3
393 0
2515 3
2373 3
1737 0
1939 4
1278 2
2066 0
1820 2
1472 4
2489 4
1157 4
1714 3
1001 2
1458 3
710 0
899 4
634 3
2280 4
1745 4
1508 3
538 3
1983 0
697 4
1888 4
1977 0
924 4
330 3
683 0
1658 4
2379 4
2388 0
421 1
973 4
93 3
1552 0
1686 1
2274 3
1826 0
2006 3
1282 4
1122 1
2352 4
1978 0
1932 3
2579 4
539 4
578 3
847 2
612 0
1399 4
1256 2
262 4
1705 1
385 3
2016 0
4 2
1191 2
1325 0
976 4
844 4
1027 4
648 3
745 3
255 2
2338 1
1676 1
1409 0
2250 4
2157 4
1415 4
178 0
1352 2
80 0
2432 4
347 0
1021 2
1430 2
1434 2
1547 3
711 3
1645 0
1316 2
848 0
2039 4
1728 2
2184 0
2638 3
2367 3
998 0
1607 1
2537 4
2339 4
761 0
1589 0
2139 3
1292 0
2630 2
2082 4
333 4
1906 3
1201 2
1823 4
1308 0
1371 2
424 4
355 3
69 4
1423 4
233 2
1030 1
1108 4
2336 3
1483 4
2593 2
2560 2
679 0
1670 4
522 4
218 0
1138 3
66 4
81 0
470 4
1074 4
1447 0
558 3
226 3
1735 4
2083 0
1162 0
2522 0
1187 2
1677 0
1177 4
1475 4
514 1
1575 4
388 0
1213 2
812 4
2380 3
1616 0
1123 1
2302 1
878 2
1230 4
1507 4
472 3
513 4
874 0
2503 4
1527 4
1476 3
2272 3
2633 3
1784 0
826 0
199 3
1453 0
1185 0
1328 4
736 0
1498 4
2473 0
1312 0
1067 4
1061 0
2558 2
1440 1
1153 4
263 3
645 1
1364 1
1971 2
2312 4
2077 4
2049 2
1281 2
730 2
1988 4
863 4
288 1
2175 1
1410 0
1802 1
1466 0
1733 0
1518 0
1105 0
369 3
603 4
1621 0
1016 1
379 3
2452 1
378 3
2475 4
2255 3
2231 3
2463 1
1359 1
2091 0
209 2
1392 2
2384 4
331 2
1253 0
764 4
1137 3
1564 2
2555 4
1334 4
1782 3
1831 3
1872 0
2127 2
2186 2
2086 1
428 0
1066 4
2574 3
2404 2
1987 2
2105 0
1734 3
2451 3
309 4
1360 3
1193 3
2068 3
2123 0
306 2
5 0
1568 1
905 4
1117 3
1536 3
260 1
159 4
439 4
2027 3
2200 2
1943 4
1748 4
1727 4
107 1
984 2
19 0
1801 0
98 3
856 0
154 3
1354 4
21 0
1033 1
2437 0
1480 2
1889 2
1465 1
597 3
920 3
2334 4
2605 3
272 3
880 3
653 4
1134 4
543 2
1471 0
1825 1
560 0
1543 4
251 3
1930 4
2512 4
964 4
1349 2
2117 3
786 1
1390 3
1361 0
1146 1
1935 3
2318 1
1442 0
2028 1
1100 3
1221 0
401 4
1598 4
2420 4
574 0
473 4
889 0
336 2
1537 3
843 1
1504 3
883 0
1262 4
1152 4
2377 4
2498 1
505 3
782 4
1954 3
1501 2
1150 4
431 2
1181 4
364 0
581 4
1386 4
1899 3
1884 2
2485 1
466 1
510 4
281 4
1965 0
1288 0
1681 1
717 1
2167 0
918 4
258 1
1298 3
832 4
2536 1
2042 4
32 2
92 1
1615 0
1590 2
1002 2
1167 2
705 3
1034 4
2172 4
544 0
2162 4
2226 0
1196 4
818 1
1618 1
201 3
687 0
120 3
1314 4
285 3
1918 4
2029 2
605 3
2620 4
1273 0
1495 4
1929 3
548 2
1945 4
454 3
1091 1
2063 4
2075 2
131 0
900 0
1378 3
151 3
2146 1
227 3
126 1
2267 0
1875 2
1751 4
1690 3
817 3
625 1
592 4
2364 1
2636 3
179 2
446 1
1425 4
993 0
845 4
2621 0
907 0
261 2
1806 3
2194 4
819 3
815 1
676 4
2030 3
2627 3
849 3
2575 0
450 4
1709 3
2213 1
1767 2
537 0
1855 0
943 0
1286 4
1878 4
408 1
2434 0
451 4
2395 0
933 2
1395 3
1231 0
322 3
1261 2
1926 0
853 2
1250 1
305 4
2128 1
724 0
932 2
2635 0
2457 2
2258 0
1936 4
1862 2
256 0
1841 2
1509 4
1293 3
465 4
1477 4
1614 4
1271 4
1446 2
865 3
866 0
1655 2
1897 0
2477 2
2398 3
646 3
1640 1
520 1
1807 3
783 4
611 1
2516 3
361 3
768 3
1684 4
2587 0
1059 4
807 4
475 4
169 3
249 4
1776 3
2218 0
195 4
1812 0
2582 4
183 2
246 0
1586 4
1556 0
1966 2
2421 0
1861 4
7 0
527 4
617 0
406 1
259 0
1081 0
850 4
1674 1
2137 1
1494 4
1551 4
2297 0
11 0
789 2
1053 2
1460 3
2201 4
1672 4
961 2
1819 2
2622 2
1075 3
1937 3
12 4
511 2
1514 2
1513 4
1608 4
2538 4
1859 1
70 4
890 3
530 4
2119 0
1421 4
1839 0
101 4
2518 4
1661 0
321 2
2034 1
1245 2
54 0
2637 1
319 0
1000 1
686 2
1842 4
212 1
2428 4
1113 4
1205 3
2191 3
2084 3
2025 3
2514 1
2580 0
1844 0
1457 4
2235 4
576 0
156 4
1467 0
257 0
221 3
316 3
1933 2
38 2
1165 3
2618 2
398 3
1900 0
2481 4
2375 4
1723 2
2241 2
1758 4
2040 0
2238 4
1541 2
2357 2
2331 3
781 2
37 3
805 2
1391 2
2299 0
1871 0
71 4
2115 0
1304 4
2476 4
1284 0
1211 2
56 2
834 4
1096 4
1340 3
2164 3
713 0
953 3
1560 2
631 3
1544 0
139 2
13 1
1911 0
2550 2
660 4
2135 0
772 2
214 0
184 3
688 3
584 3
1329 2
342 4
911 4
1538 3
2606 4
1396 1
785 0
1156 1
55 4
777 1
987 2
2406 1
1454 1
1572 0
137 2
1809 2
507 0
541 4
1778 4
869 4
483 4
2109 0
1774 4
1234 1
2210 4
718 2
2362 0
599 3
1999 3
1044 0
320 1
2407 0
1593 4
669 4
1363 4
552 3
1274 0
456 3
1683 3
1958 2
396 0
119 2
1701 3
438 1
2168 0
919 4
975 3
165 3
1583 3
553 2
626 0
829 1
593 4
1490 4
2151 1
253 0
1539 1
85 3
2598 4
223 0
2061 2
2008 4
635 4
860 4
1330 3
741 0
609 2
1131 4
2542 0
1326 2
1753 0
2652 0
1653 2
2631 3
2389 3
1770 0
311 3
891 0
2106 3
2363 3
2045 4
1101 4
167 3
779 3
414 3
955 2
2266 4
1011 0
357 4
1073 1
2616 0
1702 2
2189 0
799 4
1207 4
935 1
526 1
861 0
269 0
582 1
2588 0
1573 0
1499 3
521 1
542 4
1088 0
1588 4
1587 4
2198 0
2215 4
1909 4
1047 2
2490 2
1832 3
2236 0
2524 1
1372 2
2096 2
641 1
925 4
2551 4
1080 3
60 3
540 2
1506 0
1068 4
2010 4
931 4
1481 4
1813 2
689 4
2180 3
266 3
383 3
2624 2
295 0
433 4
1789 1
415 0
2306 1
1643 3
1585 4
96 0
1873 2
1302 0
48 3
370 0
122 2
2014 0
1779 4
2230 4
1209 2
132 2
820 4
1063 3
1 3
884 3
1232 2
83 3
1443 3
2644 0
1791 2
516 4
1005 0
338 2
1145 2
1740 3
1818 2
434 0
983 1
1322 4
1914 0
2050 3
1158 3
963 1
493 1
1596 0
658 4
532 0
2586 0
2381 0
389 0
1853 4
190 3
979 3
34 4
913 1
2460 0
862 3
2097 4
2187 3
185 0
1263 0
2289 0
1711 4
1379 4
477 2
2261 4
242 4
1903 0
2056 4
1412 4
2155 0
2170 2
211 0
1766 0
1241 4
1413 1
271 2
160 2
1599 0
1317 2
808 0
2525 0
44 2
2292 4
1905 2
326 3
362 2
663 3
283 0
2643 2
1346 0
2609 2
476 0
2088 2
2325 0
1013 1
2102 0
1487 1
623 4
457 3
294 4
1184 1
2046 4
1219 4
1790 4
981 4
2539 4
2531 0
506 4
33 1
614 4
501 0
1617 4
2059 4
237 4
102 4
803 3
2548 4
402 4
67 3
2543 0
2402 4
1351 2
1511 3
286 3
1252 3
1035 2
1626 4
2453 1
2573 1
2247 3
706 4
1989 3
1289 0
1389 4
1601 3
2576 4
525 3
2549 1
895 4
1175 0
752 4
828 0
2625 3
1982 0
721 4
1994 0
2648 4
512 4
870 3
1224 2
562 2
765 2
1259 0
39 2
236 0
2443 4
1220 2
2026 0
2143 0
1804 1
586 0
1863 3
1397 0
780 1
143 2
896 4
636 0
572 4
1431 3
224 4
191 3
1986 0
549 3
118 4
1554 4
2332 3
2004 2
1154 4
1109 3
2410 2
904 4
1400 2
278 4
810 0
571 3
2033 4
2556 3
1214 3
690 0
792 4
569 0
1277 4
835 4
2212 4
703 2
650 1
162 4
2158 0
30 0
57 2
802 4
1559 4
68 4
841 0
748 4
140 0
173 4
2411 3
1649 2
243 0
1143 0
588 0
500 1
1199 3
1054 3
158 3
839 1
556 3
651 0
217 1
2349 3
778 0
2163 0
1780 0
624 2
912 2
1524 4
206 0
2043 2
314 4
427 2
2641 3
2005 0
1896 2
2150 0
171 0
1697 4
2174 4
1566 0
58 4
1940 3
467 1
2436 4
117 2
927 3
1904 0
103 2
45 4
177 3
1356 0
356 0
2293 0
1171 3
17 4
1257 2
1768 3
1603 0
2591 0
359 0
1186 3
978 0
1907 3
1515 4
2242 0
2418 4
2069 4
2094 2
1793 4
1031 2
2435 1
425 2
220 4
1739 4
1242 3
563 4
280 1
692 2
2651 0
1834 4
767 0
1203 1
585 0
1445 0
970 3
986 4
2065 3
1265 2
2300 2
2130 2
0 2
1756 2
2504 4
1270 0
1912 3
1761 4
2442 4
1486 4
95 0
215 1
1669 3
2205 0
182 0
2269 3
77 4
2466 3
145 4
1680 0
1087 2
1787 0
484 4
2276 4
659 0
1249 2
1012 1
2062 0
2541 0
957 0
1246 4
1941 0
399 2
1155 4
234 4
1456 4
308 4
1381 0
518 1
2458 3
1610 4
1258 4
771 2
801 0
2351 3
1500 3
1144 2
2387 3
146 3
51 3
348 4
2171 2
459 2
2592 0
2087 4
374 4
289 2
2219 4
1730 4
2052 3
1650 3
468 0
94 0
524 3
2011 2
2 4
509 4
1093 1
2399 2
2559 0
254 0
2632 2
793 0
499 4
2493 2
2120 2
948 3
2071 3
1222 3
1838 3
1953 4
667 4
613 1
2245 1
1189 4
2426 4
2510 0
662 0
2277 1
1295 3
2053 4
1022 0
2024 3
79 4
2217 3
2532 0
2626 0
684 0
1516 1
2597 3
2371 0
2283 3
2422 4
698 3
968 3
2294 0
664 1
816 4
1882 4
759 0
656 4
26 0
496 4
247 1
2547 4
1816 4
1374 0
575 3
2415 2
1323 0
2545 0
337 4
377 1
1798 3
87 3
1439 4
1913 4
161 4
971 3
1725 3
2044 4
830 1
22 0
1228 2
2554 4
380 0
2350 0
606 1
1020 1
1565 0
959 4
8 4
127 1
1835 1
1561 2
463 0
2304 0
2076 4
821 4
188 0
2445 0
881 2
1141 0
2378 2
723 2
1331 0
926 3
753 0
1881 1
346 0
24 2
2296 4
2397 2
1724 0
1018 1
2047 2
2496 3
1299 0
464 3
1429 4
339 3
2227 0
885 0
1276 3
795 2
2322 3
1642 2
1502 0
28 4
1708 0
1613 2
1049 0
2535 3
1291 4
1803 1
1269 4
680 4
691 3
1024 0
1106 4
441 0
1383 0
567 4
915 0
1393 4
2313 2
1696 0
1470 0
2131 3
2199 4
1028 0
954 0
962 2
1700 2
2108 3
27 4
2060 0
2337 2
2284 4
2080 4
2353 0
756 4
2344 0
872 2
2405 1
100 4
1216 4
1110 2
1285 2
967 0
2307 3
2003 0
928 4
941 2
1455 3
1116 0
787 1
921 0
2521 1
1197 0
1332 2
1848 3
2604 0
615 3
2132 4
2038 0
193 0
1775 1
1699 2
1874 4
1980 4
739 1
1505 2
1310 0
600 2
1579 4
1139 0
1441 3
2256 2
2301 0
1255 0
437 0
2093 2
307 4
2265 4
1071 0
2081 1
1046 1
1611 0
130 2
1528 4
1865 0
1755 2
1623 3
851 4
2615 3
