0 145 0
1 145 1
2 145 0
3 145 0
4 145 0
5 145 1
6 145 2
7 145 1
8 145 0
9 145 1
10 327 1
11 327 1
12 327 0
13 327 1
14 327 1
0 327 1
15 327 1
16 327 1
2 327 1
8 327 0
11 534 3
2 534 3
12 534 3
16 534 3
17 534 3
18 534 3
19 534 3
20 534 3
21 534 2
15 534 2
22 265 2
23 265 2
24 265 2
25 265 2
26 265 2
27 265 2
28 265 3
29 265 2
19 265 2
30 265 2
31 45 1
32 45 0
15 45 0
2 45 1
19 45 1
33 45 0
27 45 0
24 45 0
30 45 1
34 45 0
34 460 1
0 460 1
35 460 0
36 460 1
37 460 1
12 460 1
15 460 1
19 460 1
38 460 0
24 460 1
12 641 3
39 641 3
34 641 2
40 641 3
33 641 3
41 641 3
20 641 3
8 641 3
42 641 3
10 641 2
0 235 2
39 235 2
43 235 2
2 235 3
44 235 2
22 235 2
45 235 2
46 235 2
19 235 2
4 235 3
47 480 2
48 480 2
49 480 2
34 480 2
50 480 3
51 480 2
26 480 2
33 480 2
15 480 1
8 480 2
1 336 1
15 336 2
52 336 2
53 336 2
33 336 2
50 336 2
20 336 2
11 336 2
2 336 3
8 336 2
49 128 2
24 128 2
30 128 2
4 128 2
38 128 2
53 128 3
34 128 2
18 128 2
54 128 2
2 128 3
49 652 2
1 652 3
0 652 3
9 652 2
42 652 2
3 652 3
33 652 3
7 652 3
30 652 3
25 652 3
1 487 0
13 487 1
0 487 0
24 487 1
42 487 0
8 487 0
9 487 0
4 487 1
11 487 0
12 487 0
11 689 3
34 689 2
35 689 3
55 689 3
8 689 3
56 689 3
57 689 1
43 689 2
15 689 2
5 689 3
39 563 0
54 563 0
33 563 0
35 563 0
41 563 0
15 563 0
58 563 0
42 563 1
2 563 1
27 563 0
46 284 2
55 284 2
33 284 2
59 284 2
49 284 2
60 284 2
10 284 3
24 284 2
30 284 2
61 284 2
12 754 0
39 754 0
9 754 0
38 754 0
16 754 0
20 754 0
42 754 0
44 754 0
21 754 1
57 754 1
42 299 3
2 299 3
39 299 3
25 299 3
16 299 3
17 299 3
8 299 3
60 299 3
12 299 3
53 299 3
15 66 2
11 66 2
2 66 2
52 66 2
30 66 2
8 66 2
54 66 2
12 66 2
33 66 2
13 66 2
12 283 2
10 283 2
35 283 3
46 283 3
14 283 3
22 283 3
8 283 3
54 283 2
15 283 2
60 283 3
49 644 1
42 644 0
1 644 1
46 644 0
22 644 0
39 644 0
62 644 1
15 644 1
14 644 1
33 644 0
12 140 0
10 140 0
16 140 0
8 140 0
55 140 1
21 140 0
34 140 3
22 140 0
54 140 1
20 140 0
47 293 2
0 293 2
38 293 2
2 293 3
63 293 2
12 293 2
9 293 2
54 293 2
35 293 2
19 293 2
48 130 3
52 130 3
24 130 1
61 130 2
36 130 3
12 130 3
64 130 2
22 130 2
53 130 3
46 130 3
1 441 1
49 441 0
2 441 0
21 441 0
57 441 1
43 441 0
9 441 0
33 441 0
65 441 0
8 441 1
3 286 0
30 286 0
48 286 0
52 286 0
33 286 0
46 286 0
19 286 0
57 286 1
21 286 0
15 286 0
1 392 0
2 392 0
66 392 1
12 392 0
24 392 0
51 392 0
55 392 1
22 392 0
33 392 0
8 392 0
13 452 2
2 452 1
26 452 1
19 452 1
12 452 1
18 452 1
39 452 1
42 452 1
28 452 3
50 452 1
11 799 0
2 799 0
67 799 0
30 799 0
46 799 0
55 799 0
12 799 0
34 799 3
59 799 0
33 799 0
2 259 2
30 259 2
34 259 2
26 259 3
19 259 3
4 259 3
21 259 2
40 259 3
9 259 2
58 259 3
47 378 1
0 378 0
12 378 1
14 378 1
9 378 1
8 378 0
30 378 0
34 378 1
42 378 1
19 378 1
10 668 3
24 668 3
42 668 3
14 668 3
8 668 3
26 668 3
33 668 3
68 668 3
30 668 3
34 668 2
18 603 2
57 603 3
8 603 2
24 603 3
15 603 3
2 603 2
10 603 3
40 603 3
20 603 2
33 603 3
0 723 3
15 723 3
23 723 3
2 723 2
13 723 2
52 723 2
30 723 3
12 723 3
14 723 2
34 723 3
35 470 0
69 470 0
3 470 0
24 470 0
22 470 0
52 470 0
55 470 1
25 470 1
13 470 0
19 470 1
11 17 0
15 17 0
69 17 0
24 17 0
36 17 1
70 17 0
27 17 0
38 17 0
50 17 0
46 17 0
22 49 0
30 49 1
39 49 0
15 49 0
57 49 1
27 49 0
41 49 0
28 49 1
4 49 0
34 49 0
10 428 0
30 428 1
60 428 1
18 428 1
33 428 1
2 428 1
16 428 0
15 428 0
28 428 1
21 428 1
71 205 0
4 205 0
22 205 1
7 205 1
19 205 1
8 205 1
12 205 0
40 205 0
24 205 0
21 205 0
36 57 1
9 57 1
16 57 1
22 57 1
18 57 1
40 57 1
26 57 1
28 57 1
12 57 1
72 57 1
73 382 1
74 382 1
48 382 1
0 382 1
34 382 1
15 382 1
30 382 1
33 382 1
29 382 1
71 382 1
15 678 3
10 678 3
0 678 2
34 678 3
39 678 2
42 678 2
64 678 2
57 678 3
11 678 2
9 678 3
48 682 0
47 682 0
55 682 0
46 682 0
33 682 0
30 682 0
24 682 0
8 682 0
19 682 0
42 682 0
21 179 1
34 179 1
36 179 1
42 179 3
19 179 1
8 179 1
20 179 1
33 179 1
13 179 1
65 179 1
1 776 2
30 776 3
66 776 2
2 776 3
15 776 3
52 776 2
8 776 2
19 776 3
38 776 2
9 776 2
15 794 2
0 794 2
36 794 2
1 794 3
42 794 2
22 794 2
6 794 2
39 794 2
46 794 2
8 794 2
10 302 3
48 302 2
39 302 3
33 302 3
25 302 3
30 302 3
4 302 2
16 302 3
8 302 3
54 302 3
12 701 1
30 701 1
33 701 1
34 701 1
60 701 1
40 701 1
22 701 1
46 701 1
2 701 1
13 701 0
49 328 1
75 328 1
24 328 1
1 328 0
8 328 0
2 328 1
27 328 1
15 328 1
34 328 1
72 328 1
34 620 3
42 620 2
66 620 2
49 620 3
7 620 3
36 620 3
22 620 3
30 620 3
8 620 3
26 620 3
22 391 0
23 391 0
24 391 0
39 391 0
16 391 0
1 391 1
8 391 0
38 391 1
57 391 1
53 391 1
10 662 1
3 662 1
12 662 1
38 662 1
55 662 1
39 662 1
11 662 1
46 662 1
41 662 1
19 662 1
15 690 2
60 690 3
55 690 2
34 690 3
36 690 3
46 690 3
16 690 2
49 690 2
12 690 3
28 690 3
22 733 3
33 733 2
7 733 3
15 733 2
42 733 2
34 733 2
11 733 2
2 733 3
8 733 2
27 733 3
34 433 1
11 433 0
76 433 0
77 433 0
13 433 0
3 433 0
33 433 0
42 433 0
2 433 1
35 433 0
78 615 2
11 615 3
35 615 3
21 615 2
4 615 3
8 615 3
36 615 3
40 615 3
34 615 2
44 615 3
0 161 2
42 161 0
48 161 0
79 161 0
4 161 0
36 161 1
51 161 1
7 161 1
44 161 1
46 161 0
36 55 1
21 55 0
55 55 1
12 55 0
8 55 0
19 55 0
24 55 0
35 55 0
27 55 0
65 55 0
49 471 3
9 471 3
24 471 2
7 471 3
40 471 3
25 471 3
22 471 3
50 471 3
52 471 3
10 471 3
80 656 1
38 656 0
79 656 0
11 656 0
2 656 1
33 656 0
8 656 0
52 656 1
53 656 0
49 656 0
39 291 0
42 291 0
22 291 0
61 291 0
81 291 0
12 291 0
62 291 0
34 291 0
50 291 1
18 291 0
80 654 2
38 654 2
75 654 2
33 654 2
12 654 3
1 654 3
9 654 2
6 654 2
60 654 2
41 654 2
82 375 2
39 375 3
1 375 3
36 375 3
2 375 3
54 375 3
42 375 2
18 375 2
33 375 2
83 375 2
82 636 1
38 636 1
12 636 1
46 636 1
39 636 1
1 636 0
22 636 1
34 636 1
54 636 1
28 636 1
54 43 0
0 43 0
39 43 0
33 43 0
25 43 1
40 43 0
38 43 0
2 43 0
4 43 0
35 43 0
67 577 1
24 577 1
12 577 0
1 577 0
38 577 0
55 577 1
15 577 1
22 577 1
46 577 0
8 577 0
35 176 1
54 176 1
10 176 1
7 176 1
8 176 1
12 176 1
42 176 1
61 176 1
72 176 1
21 176 1
12 271 3
35 271 2
30 271 3
25 271 2
26 271 2
38 271 2
18 271 2
54 271 2
19 271 2
40 271 2
69 376 1
84 376 3
12 376 1
22 376 1
39 376 1
16 376 1
33 376 1
34 376 1
57 376 1
4 376 3
30 377 1
19 377 1
54 377 1
16 377 1
9 377 1
27 377 1
57 377 1
21 377 1
24 377 1
65 377 1
0 714 1
12 714 1
14 714 1
53 714 1
46 714 1
54 714 1
65 714 1
33 714 1
34 714 1
50 714 1
15 484 0
36 484 1
3 484 0
39 484 0
7 484 0
34 484 0
42 484 0
8 484 1
30 484 1
54 484 0
0 695 3
36 695 3
15 695 2
12 695 1
8 695 3
52 695 3
19 695 2
2 695 3
34 695 2
39 695 3
36 583 3
24 583 3
38 583 3
30 583 3
34 583 3
85 583 3
43 583 3
28 583 3
21 583 3
19 583 3
0 383 0
51 383 0
55 383 0
22 383 0
39 383 0
33 383 0
16 383 0
4 383 0
42 383 0
14 383 0
67 204 0
36 204 1
31 204 0
14 204 0
2 204 0
21 204 0
16 204 0
12 204 0
15 204 0
43 204 0
10 483 1
49 483 1
33 483 0
51 483 0
46 483 0
15 483 0
22 483 0
12 483 0
62 483 0
27 483 0
0 653 0
15 653 0
19 653 1
20 653 0
9 653 0
29 653 1
42 653 0
8 653 0
28 653 1
21 653 0
10 4 1
69 4 1
55 4 1
22 4 1
27 4 1
21 4 0
43 4 1
19 4 1
59 4 1
15 4 1
15 288 2
1 288 3
19 288 3
17 288 2
86 288 2
4 288 2
8 288 3
24 288 2
52 288 2
57 288 3
11 180 3
84 180 2
66 180 2
30 180 2
0 180 3
76 180 2
38 180 3
40 180 3
36 180 3
14 180 3
39 512 1
60 512 1
2 512 1
8 512 1
19 512 1
21 512 1
34 512 0
68 512 1
28 512 1
87 512 1
76 25 3
88 25 2
1 25 3
15 25 2
25 25 2
12 25 3
9 25 2
10 25 2
19 25 2
20 25 2
0 779 2
21 779 2
39 779 2
55 779 3
13 779 2
15 779 2
16 779 2
34 779 2
19 779 2
24 779 2
10 312 3
26 312 3
19 312 3
30 312 3
12 312 3
8 312 3
42 312 3
60 312 3
72 312 3
2 312 3
62 683 2
57 683 3
11 683 2
33 683 2
26 683 2
19 683 2
72 683 2
24 683 2
15 683 2
25 683 3
13 18 3
42 18 3
0 18 3
38 18 3
30 18 3
7 18 3
27 18 3
68 18 3
15 18 2
33 18 3
15 356 2
0 356 3
9 356 2
18 356 3
36 356 3
8 356 3
50 356 3
54 356 3
20 356 3
41 356 3
47 384 2
15 384 2
34 384 2
30 384 2
57 384 2
60 384 2
12 384 2
21 384 3
58 384 2
33 384 2
49 557 3
47 557 3
89 557 2
48 557 2
12 557 2
3 557 2
76 557 2
35 557 2
0 557 2
2 557 2
80 31 3
55 31 3
21 31 2
2 31 3
4 31 3
30 31 3
29 31 3
34 31 3
28 31 1
19 31 3
13 515 2
34 515 3
8 515 2
33 515 3
4 515 3
22 515 2
57 515 3
12 515 3
46 515 2
42 515 3
60 345 0
11 345 1
76 345 0
55 345 1
46 345 0
38 345 1
9 345 0
52 345 0
33 345 0
19 345 0
76 751 0
12 751 0
14 751 1
22 751 0
56 751 0
34 751 0
50 751 0
30 751 0
44 751 1
9 751 0
0 148 2
9 148 3
66 148 3
12 148 3
2 148 3
21 148 3
8 148 2
43 148 3
1 148 3
19 148 2
47 745 1
82 745 0
2 745 1
48 745 1
34 745 0
9 745 0
24 745 0
14 745 1
4 745 1
18 745 1
36 82 2
0 82 3
14 82 3
9 82 2
89 82 3
38 82 3
42 82 3
61 82 2
30 82 2
16 82 3
11 68 1
67 68 1
78 68 1
34 68 1
14 68 1
2 68 1
43 68 1
7 68 1
54 68 1
57 68 1
12 660 2
34 660 2
36 660 2
2 660 3
35 660 2
21 660 3
56 660 3
20 660 2
72 660 2
19 660 2
0 316 2
48 316 2
3 316 2
9 316 2
55 316 3
12 316 3
60 316 2
2 316 3
25 316 3
33 316 2
74 543 2
54 543 1
35 543 1
34 543 1
26 543 1
2 543 1
16 543 1
22 543 1
46 543 1
33 543 1
0 132 3
30 132 3
14 132 3
49 132 3
8 132 3
59 132 3
26 132 3
33 132 3
27 132 2
72 132 2
48 541 3
30 541 0
39 541 3
12 541 3
60 541 3
61 541 3
15 541 2
20 541 3
24 541 3
54 541 3
9 102 0
21 102 1
13 102 1
55 102 1
24 102 1
5 102 1
19 102 1
65 102 1
71 102 0
41 102 0
10 800 2
33 800 3
55 800 3
21 800 3
52 800 3
19 800 3
28 800 3
57 800 3
30 800 3
8 800 3
60 385 0
55 385 1
54 385 0
0 385 0
42 385 0
36 385 1
53 385 0
8 385 0
2 385 1
41 385 0
10 554 0
4 554 1
52 554 0
2 554 1
33 554 0
39 554 1
21 554 1
40 554 0
19 554 1
35 554 1
12 404 0
11 404 2
39 404 2
52 404 2
16 404 3
19 404 3
8 404 2
35 404 2
41 404 2
24 404 2
77 502 0
39 502 3
33 502 3
1 502 3
2 502 2
46 502 3
43 502 2
14 502 3
34 502 2
20 502 3
0 67 0
55 67 1
54 67 1
34 67 1
21 67 1
60 67 1
44 67 0
20 67 1
8 67 1
2 67 1
12 200 0
34 200 1
2 200 1
75 200 0
26 200 0
9 200 0
40 200 1
14 200 0
59 200 0
21 200 0
49 730 2
10 730 2
35 730 2
16 730 2
12 730 2
40 730 3
4 730 2
20 730 2
8 730 2
19 730 2
22 310 0
0 310 0
1 310 0
11 310 0
36 310 1
51 310 0
2 310 0
19 310 0
72 310 0
53 310 0
12 774 0
11 774 1
21 774 1
5 774 1
22 774 1
46 774 1
35 774 1
24 774 1
13 774 1
19 774 1
0 597 1
2 597 1
12 597 1
40 597 1
53 597 1
11 597 1
50 597 1
8 597 0
52 597 1
19 597 1
0 315 0
34 315 1
11 315 0
39 315 0
12 315 0
13 315 1
60 315 2
22 315 0
46 315 0
16 315 0
48 270 1
11 270 0
12 270 1
46 270 0
62 270 1
39 270 1
8 270 1
5 270 0
27 270 0
16 270 0
22 792 0
15 792 1
33 792 0
0 792 0
19 792 0
52 792 0
7 792 0
24 792 0
27 792 0
28 792 1
36 35 2
30 35 2
31 35 3
66 35 2
38 35 2
33 35 2
15 35 2
34 35 2
8 35 2
11 35 2
24 450 1
30 450 2
44 450 2
28 450 2
34 450 2
9 450 2
8 450 2
27 450 2
62 450 2
46 450 2
71 648 2
35 648 2
39 648 2
13 648 3
33 648 2
36 648 2
9 648 2
46 648 2
12 648 3
41 648 2
74 186 2
21 186 1
4 186 1
42 186 1
24 186 1
27 186 1
19 186 1
40 186 1
71 186 1
46 186 1
1 185 0
15 185 1
25 185 1
51 185 1
49 185 1
36 185 1
34 185 1
2 185 1
30 185 1
20 185 1
22 715 0
24 715 1
0 715 1
18 715 1
35 715 0
34 715 1
39 715 0
55 715 1
8 715 0
20 715 0
80 540 2
0 540 2
14 540 2
21 540 1
15 540 2
38 540 2
49 540 2
29 540 2
27 540 3
46 540 2
10 72 1
15 72 1
0 72 0
38 72 0
18 72 1
46 72 0
8 72 0
54 72 1
65 72 1
21 72 1
30 137 0
90 137 0
34 137 0
2 137 1
19 137 1
15 137 0
57 137 1
39 137 0
7 137 0
24 137 0
1 15 0
0 15 0
12 15 0
43 15 0
34 15 0
11 15 0
19 15 0
27 15 0
46 15 0
2 15 0
30 242 1
15 242 1
11 242 1
12 242 1
34 242 1
33 242 1
8 242 1
46 242 1
22 242 1
7 242 1
38 750 2
16 750 2
12 750 2
30 750 2
15 750 2
8 750 3
41 750 2
35 750 2
54 750 3
21 750 2
89 432 2
71 432 2
48 432 2
4 432 1
56 432 2
30 432 2
57 432 2
33 432 2
58 432 2
27 432 2
21 247 3
56 247 3
51 247 3
61 247 2
16 247 3
7 247 3
54 247 3
35 247 3
34 247 3
27 247 2
82 769 3
15 769 3
60 769 3
75 769 3
2 769 3
34 769 3
30 769 3
42 769 3
11 769 3
62 769 3
91 254 0
15 254 0
24 254 0
4 254 0
57 254 1
20 254 0
8 254 0
46 254 0
12 254 0
60 254 1
11 292 1
34 292 1
2 292 0
24 292 1
52 292 0
1 292 1
4 292 1
30 292 1
33 292 1
57 292 1
12 647 2
39 647 3
4 647 2
36 647 3
8 647 3
62 647 3
20 647 3
24 647 2
10 647 2
2 647 3
36 402 1
1 402 0
34 402 0
49 402 0
26 402 0
9 402 0
33 402 0
20 402 0
22 402 0
43 402 0
10 734 1
13 734 1
36 734 1
39 734 1
18 734 1
34 734 2
28 734 2
33 734 1
2 734 1
54 734 1
34 494 0
14 494 1
2 494 0
15 494 0
41 494 0
72 494 0
27 494 0
57 494 1
54 494 0
65 494 0
10 516 2
36 516 3
12 516 3
7 516 2
27 516 3
9 516 3
40 516 2
52 516 3
30 516 3
33 516 3
23 197 0
79 197 0
36 197 1
30 197 0
43 197 0
34 197 0
53 197 0
8 197 1
19 197 1
2 197 1
0 276 1
9 276 1
51 276 1
36 276 1
15 276 1
85 276 1
21 276 1
8 276 1
20 276 1
19 276 1
76 739 2
49 739 2
55 739 2
2 739 2
89 739 3
16 739 2
43 739 2
12 739 2
30 739 2
33 739 2
15 48 2
89 48 3
36 48 3
35 48 3
33 48 3
18 48 3
16 48 3
22 48 3
2 48 3
12 48 3
1 101 2
31 101 2
21 101 2
8 101 2
16 101 2
38 101 2
12 101 2
30 101 2
15 101 2
28 101 2
1 237 3
36 237 3
39 237 3
14 237 3
75 237 3
8 237 3
2 237 3
20 237 3
4 237 3
21 237 3
0 609 0
36 609 1
2 609 0
39 609 0
1 609 0
76 609 0
75 609 0
46 609 0
60 609 1
4 609 0
0 379 1
39 379 0
2 379 1
50 379 1
42 379 0
19 379 1
8 379 1
34 379 0
28 379 1
21 379 1
39 491 0
54 491 1
34 491 0
33 491 0
22 491 0
42 491 1
19 491 1
52 491 1
11 491 0
50 491 0
48 672 0
15 672 1
33 672 0
12 672 0
18 672 0
40 672 0
8 672 0
34 672 0
50 672 0
62 672 0
10 564 0
35 564 0
67 564 0
24 564 0
30 564 0
14 564 0
12 564 0
2 564 1
33 564 0
87 564 0
34 298 3
55 298 2
26 298 3
24 298 2
52 298 3
36 298 3
5 298 3
42 298 3
8 298 3
2 298 3
9 138 1
10 138 1
39 138 1
40 138 1
33 138 0
26 138 1
14 138 1
20 138 1
62 138 0
50 138 0
89 88 2
55 88 3
60 88 2
52 88 2
21 88 3
20 88 2
42 88 2
33 88 2
54 88 2
19 88 2
0 53 0
3 53 0
39 53 0
9 53 0
21 53 1
22 53 0
1 53 0
14 53 1
60 53 1
2 53 1
55 3 1
30 3 1
24 3 0
0 3 1
38 3 1
2 3 1
21 3 1
7 3 1
34 3 0
20 3 1
89 732 3
12 732 3
62 732 3
8 732 3
21 732 3
34 732 3
60 732 3
64 732 3
59 732 3
49 732 3
79 466 1
34 466 1
33 466 0
30 466 0
12 466 0
46 466 0
2 466 1
19 466 1
24 466 1
72 466 1
64 222 2
24 222 2
18 222 2
21 222 2
22 222 2
19 222 3
41 222 3
15 222 2
8 222 3
30 222 2
15 780 2
48 780 2
12 780 3
7 780 2
40 780 3
30 780 2
20 780 3
65 780 2
57 780 3
41 780 2
15 32 1
2 32 1
42 32 0
12 32 1
8 32 1
20 32 1
9 32 1
53 32 1
34 32 1
41 32 1
15 787 2
47 787 2
0 787 2
84 787 2
26 787 2
41 787 3
30 787 2
28 787 3
8 787 2
57 787 3
36 721 1
76 721 0
39 721 0
21 721 1
34 721 0
14 721 1
40 721 1
8 721 0
53 721 0
20 721 1
88 399 0
55 399 1
0 399 0
30 399 1
57 399 1
13 399 0
19 399 0
28 399 1
29 399 1
40 399 0
46 113 2
11 113 2
2 113 3
12 113 3
42 113 2
15 113 2
54 113 2
21 113 2
34 113 2
30 113 3
24 698 1
14 698 1
12 698 0
52 698 0
38 698 0
20 698 0
40 698 1
8 698 1
27 698 0
61 698 0
48 386 2
12 386 2
38 386 2
11 386 2
34 386 2
24 386 2
2 386 2
18 386 2
36 386 2
19 386 2
1 214 2
12 214 3
75 214 3
60 214 2
2 214 2
52 214 2
43 214 2
6 214 2
8 214 2
28 214 3
15 75 3
12 75 3
34 75 3
1 75 2
38 75 2
6 75 3
44 75 2
61 75 3
19 75 3
20 75 3
35 325 3
23 325 3
2 325 1
15 325 3
33 325 3
49 325 3
12 325 3
53 325 3
19 325 3
92 325 2
1 238 1
34 238 1
14 238 1
40 238 1
36 238 1
56 238 1
15 238 1
54 238 0
60 238 1
8 238 1
12 556 0
34 556 0
13 556 1
75 556 0
55 556 1
38 556 1
7 556 1
36 556 1
21 556 1
30 556 1
34 365 3
2 365 3
18 365 3
7 365 3
39 365 3
19 365 3
42 365 3
28 365 2
54 365 3
72 365 3
0 11 0
60 11 0
34 11 0
21 11 0
59 11 0
5 11 0
9 11 0
12 11 0
20 11 0
2 11 1
15 513 2
34 513 2
46 513 3
1 513 3
42 513 3
39 513 3
20 513 1
29 513 3
12 513 2
2 513 3
31 417 3
3 417 3
34 417 3
32 417 2
30 417 3
2 417 3
57 417 3
28 417 3
21 417 3
24 417 2
36 317 2
35 317 2
4 317 2
64 317 2
22 317 2
30 317 2
28 317 3
11 317 2
72 317 2
20 317 2
9 92 0
15 92 0
36 92 1
27 92 0
11 92 0
17 92 0
22 92 0
34 92 0
10 92 0
93 92 0
47 115 1
0 115 1
64 115 1
30 115 1
19 115 1
53 115 1
22 115 1
8 115 0
41 115 1
33 115 1
47 338 1
34 338 1
55 338 0
2 338 0
3 338 0
12 338 0
25 338 1
59 338 0
22 338 0
18 338 0
9 117 0
80 117 1
7 117 1
79 117 0
15 117 0
14 117 0
22 117 1
30 117 1
8 117 0
52 117 0
71 474 2
42 474 1
12 474 0
34 474 2
4 474 2
52 474 2
16 474 0
9 474 0
46 474 0
5 474 0
74 411 0
36 411 1
0 411 0
30 411 1
32 411 0
94 411 0
33 411 0
28 411 1
54 411 0
24 411 0
11 595 0
73 595 0
35 595 0
34 595 0
89 595 0
12 595 0
16 595 0
52 595 0
39 595 0
61 595 0
0 125 0
54 125 0
42 125 0
11 125 0
30 125 0
59 125 0
20 125 0
24 125 0
19 125 1
34 125 0
76 160 1
3 160 0
36 160 1
13 160 1
39 160 0
60 160 1
57 160 1
28 160 1
9 160 0
27 160 0
13 439 0
15 439 0
55 439 1
95 439 0
66 439 1
76 439 0
4 439 1
39 439 0
12 439 0
7 439 0
1 716 3
14 716 2
39 716 2
40 716 2
59 716 2
15 716 2
27 716 2
8 716 2
30 716 2
2 716 3
13 199 2
5 199 2
15 199 2
30 199 2
33 199 2
38 199 2
7 199 3
40 199 2
2 199 2
6 199 2
67 752 1
24 752 1
36 752 1
54 752 1
60 752 1
39 752 1
2 752 1
55 752 1
42 752 1
8 752 1
38 370 3
21 370 2
16 370 2
56 370 2
8 370 3
2 370 3
12 370 2
15 370 2
10 370 2
9 370 2
36 490 1
54 490 0
15 490 0
40 490 0
25 490 1
11 490 0
12 490 0
2 490 0
20 490 0
19 490 0
18 118 0
22 118 0
2 118 0
40 118 0
26 118 1
15 118 1
59 118 0
12 118 0
8 118 1
29 118 0
3 333 2
75 333 2
11 333 2
22 333 2
55 333 3
30 333 3
39 333 2
16 333 2
59 333 2
19 333 2
35 344 0
54 344 0
42 344 0
34 344 0
53 344 0
41 344 0
29 344 1
46 344 0
93 344 0
57 344 1
35 492 0
33 492 0
22 492 0
15 492 1
59 492 0
52 492 0
16 492 0
20 492 1
11 492 0
41 492 0
89 52 0
10 52 0
0 52 1
31 52 0
55 52 0
16 52 0
22 52 0
8 52 0
90 52 0
36 52 1
36 14 1
24 14 1
42 14 1
19 14 1
27 14 0
93 14 1
29 14 1
53 14 1
12 14 1
52 14 1
36 127 1
24 127 0
54 127 1
8 127 1
18 127 1
53 127 0
15 127 0
57 127 1
34 127 0
40 127 0
24 604 1
51 604 0
33 604 0
30 604 0
19 604 0
42 604 0
34 604 0
15 604 0
4 604 0
21 604 0
36 713 1
30 713 1
19 713 0
7 713 1
27 713 1
11 713 1
41 713 1
13 713 1
42 713 0
2 713 1
0 518 1
30 518 1
11 518 0
9 518 0
21 518 0
42 518 0
22 518 1
38 518 1
50 518 0
33 518 0
10 153 1
36 153 1
48 153 0
69 153 0
15 153 2
18 153 1
8 153 0
5 153 0
2 153 1
9 153 0
30 463 2
42 463 3
15 463 2
40 463 3
39 463 3
12 463 3
4 463 3
34 463 3
58 463 3
53 463 3
13 192 2
11 192 2
48 192 3
18 192 2
8 192 2
42 192 2
52 192 2
34 192 3
65 192 3
33 192 2
89 720 0
38 720 0
52 720 0
18 720 0
4 720 0
12 720 0
2 720 0
8 720 0
33 720 0
60 720 0
3 532 3
38 532 3
9 532 2
39 532 3
36 532 3
8 532 3
22 532 3
12 532 3
59 532 3
57 532 3
7 731 3
2 731 3
0 731 3
33 731 3
64 731 3
52 731 3
43 731 2
46 731 3
8 731 3
27 731 3
34 165 1
0 165 1
60 165 0
42 165 1
19 165 1
35 165 1
30 165 1
40 165 1
9 165 1
2 165 1
47 362 1
1 362 0
30 362 1
2 362 1
34 362 0
12 362 0
53 362 0
46 362 0
93 362 0
65 362 0
2 589 2
88 589 2
39 589 2
12 589 2
0 589 2
18 589 2
56 589 2
43 589 2
36 589 2
53 589 2
77 410 0
42 410 3
2 410 3
46 410 3
15 410 2
22 410 3
12 410 3
34 410 2
30 410 3
57 410 2
34 555 2
33 555 3
16 555 2
0 555 3
39 555 3
30 555 2
14 555 3
22 555 3
13 555 2
15 555 2
38 141 2
15 141 2
19 141 3
16 141 2
20 141 3
28 141 3
33 141 3
26 141 3
46 141 3
27 141 2
60 735 3
50 735 2
42 735 3
12 735 3
11 735 2
36 735 2
6 735 2
17 735 3
30 735 2
22 735 2
15 628 2
69 628 2
48 628 3
7 628 2
30 628 3
14 628 2
0 628 2
12 628 2
2 628 2
25 628 2
36 114 3
76 114 3
7 114 3
16 114 2
1 114 3
59 114 3
40 114 3
26 114 3
8 114 3
62 114 3
1 625 1
2 625 1
13 625 1
61 625 1
16 625 1
68 625 1
30 625 0
5 625 1
54 625 0
39 625 1
55 610 2
15 610 2
8 610 3
43 610 2
12 610 2
30 610 2
11 610 3
60 610 2
39 610 3
20 610 3
22 639 2
0 639 2
75 639 2
60 639 2
43 639 2
4 639 2
56 639 2
2 639 2
46 639 2
20 639 2
9 266 0
69 266 0
67 266 0
34 266 0
19 266 0
2 266 0
46 266 0
40 266 1
18 266 0
7 266 0
0 81 1
12 81 1
19 81 1
53 81 1
9 81 1
8 81 1
15 81 1
71 81 0
40 81 1
33 81 1
2 699 1
1 699 1
0 699 1
5 699 1
30 699 1
8 699 1
19 699 1
34 699 1
28 699 1
44 699 1
12 551 3
36 551 2
9 551 2
64 551 3
35 551 2
14 551 2
16 551 2
19 551 3
33 551 2
27 551 2
15 320 2
48 320 2
11 320 2
36 320 2
22 320 2
4 320 2
13 320 3
30 320 2
8 320 2
33 320 2
49 765 1
15 765 1
39 765 1
7 765 1
30 765 0
14 765 1
20 765 0
2 765 1
8 765 1
61 765 0
23 435 0
24 435 1
15 435 0
34 435 0
42 435 0
4 435 1
2 435 0
60 435 1
19 435 1
54 435 0
36 250 1
24 250 1
21 250 0
22 250 0
39 250 0
12 250 0
54 250 0
27 250 0
6 250 0
18 250 1
0 158 2
42 158 2
54 158 2
12 158 2
36 158 2
22 158 2
33 158 2
39 158 2
8 158 2
50 158 2
15 736 2
9 736 2
30 736 2
59 736 3
42 736 2
8 736 2
96 736 2
20 736 2
41 736 3
34 736 2
67 694 2
3 694 2
42 694 2
16 694 2
1 694 3
36 694 3
18 694 2
34 694 3
5 694 2
15 694 2
0 170 0
48 170 1
39 170 0
12 170 0
50 170 0
46 170 0
30 170 0
28 170 1
62 170 0
71 170 0
36 537 2
34 537 3
76 537 3
49 537 3
42 537 3
9 537 2
12 537 3
19 537 3
27 537 3
60 537 3
73 42 3
55 42 2
62 42 2
15 42 2
1 42 3
2 42 3
8 42 3
54 42 3
42 42 3
19 42 3
11 329 1
1 329 0
49 329 1
25 329 1
9 329 0
94 329 0
12 329 0
2 329 1
8 329 1
15 329 0
23 572 2
38 572 2
11 572 2
42 572 2
34 572 3
26 572 2
62 572 2
20 572 2
54 572 2
24 572 2
1 261 3
42 261 2
32 261 3
40 261 2
4 261 3
43 261 2
19 261 2
59 261 3
12 261 3
34 261 3
89 608 1
84 608 1
36 608 1
30 608 1
21 608 1
2 608 1
39 608 0
59 608 0
5 608 0
34 608 0
36 63 3
34 63 3
14 63 3
94 63 3
43 63 2
8 63 3
26 63 3
2 63 3
27 63 2
57 63 2
48 321 1
1 321 1
0 321 1
18 321 1
15 321 1
22 321 0
12 321 0
53 321 1
42 321 1
19 321 1
12 34 3
11 34 2
1 34 2
40 34 2
4 34 2
28 34 2
24 34 2
21 34 2
57 34 2
2 34 2
33 381 1
0 381 1
42 381 0
39 381 1
36 381 1
7 381 1
2 381 1
30 381 1
12 381 1
34 381 1
22 272 3
84 272 3
13 272 3
5 272 3
42 272 3
51 272 2
14 272 3
8 272 3
12 272 3
4 272 3
11 358 3
7 358 3
55 358 3
61 358 3
16 358 3
52 358 3
30 358 2
68 358 2
85 358 3
46 358 3
3 590 0
42 590 0
75 590 0
5 590 1
34 590 0
40 590 0
38 590 0
43 590 0
22 590 0
46 590 0
22 576 0
2 576 0
8 576 0
15 576 0
12 576 0
33 576 0
28 576 1
19 576 0
7 576 1
71 576 0
22 255 0
10 255 1
34 255 1
7 255 1
4 255 0
30 255 0
42 255 1
57 255 1
19 255 1
54 255 0
34 442 0
30 442 1
42 442 0
39 442 0
12 442 0
6 442 0
46 442 0
28 442 1
18 442 0
93 442 0
13 251 3
12 251 2
39 251 3
60 251 3
16 251 2
40 251 3
54 251 3
2 251 3
14 251 3
15 251 2
82 444 0
0 444 0
89 444 0
2 444 0
42 444 0
34 444 0
38 444 0
39 444 0
28 444 1
72 444 0
2 133 2
3 133 3
39 133 2
12 133 3
6 133 2
33 133 3
8 133 3
59 133 3
15 133 2
42 133 3
22 234 1
15 234 1
1 234 0
6 234 0
38 234 0
2 234 1
41 234 1
21 234 0
53 234 1
40 234 0
74 285 1
47 285 1
76 285 1
12 285 0
21 285 0
54 285 0
6 285 1
70 285 1
64 285 0
40 285 1
23 37 0
35 37 0
39 37 0
46 37 0
30 37 1
70 37 0
9 37 0
33 37 0
44 37 0
5 37 0
12 389 1
22 389 0
4 389 1
40 389 1
9 389 1
20 389 1
52 389 0
35 389 1
8 389 0
19 389 1
34 105 2
0 105 3
30 105 2
19 105 3
12 105 2
43 105 2
13 105 3
7 105 2
21 105 3
52 105 2
1 73 3
34 73 2
47 73 3
89 73 2
36 73 3
0 73 2
30 73 2
51 73 2
59 73 2
4 73 3
31 77 1
18 77 0
22 77 1
50 77 0
54 77 0
19 77 1
33 77 0
34 77 0
46 77 0
24 77 1
12 498 1
55 498 1
0 498 1
33 498 1
6 498 1
61 498 1
57 498 1
8 498 1
36 498 1
97 498 1
80 497 1
11 497 1
30 497 1
49 497 1
36 497 1
8 497 1
21 497 1
15 497 1
4 497 3
12 497 1
10 93 3
3 93 3
89 93 3
75 93 2
51 93 3
24 93 2
12 93 3
39 93 2
40 93 3
20 93 2
12 464 1
21 464 1
88 464 1
4 464 1
46 464 1
30 464 1
39 464 1
42 464 1
61 464 1
15 464 1
80 693 3
0 693 3
15 693 2
36 693 3
39 693 3
42 693 3
19 693 3
12 693 3
61 693 3
40 693 3
98 760 1
39 760 3
66 760 3
18 760 2
89 760 3
51 760 3
38 760 3
20 760 3
52 760 3
27 760 2
10 50 0
69 50 0
50 50 0
34 50 0
11 50 0
36 50 1
46 50 0
39 50 0
42 50 0
30 50 0
60 729 2
36 729 3
34 729 3
54 729 2
14 729 3
19 729 3
42 729 2
21 729 2
8 729 3
28 729 3
47 90 0
36 90 1
38 90 0
9 90 0
42 90 0
34 90 0
12 90 0
30 90 0
99 90 0
41 90 0
36 240 1
0 240 0
39 240 1
9 240 1
22 240 1
8 240 1
26 240 1
4 240 1
20 240 1
54 240 0
74 226 2
35 226 2
52 226 2
0 226 2
14 226 2
56 226 2
21 226 2
12 226 2
2 226 2
15 226 2
0 586 1
10 586 1
80 586 0
84 586 1
38 586 1
39 586 1
34 586 1
19 586 1
68 586 1
15 586 1
10 347 0
15 347 0
69 347 0
16 347 0
40 347 1
53 347 0
46 347 0
8 347 0
42 347 0
19 347 0
15 390 0
47 390 1
38 390 2
0 390 2
33 390 0
57 390 1
87 390 1
27 390 0
41 390 0
28 390 1
60 374 2
42 374 0
21 374 0
2 374 1
51 374 1
6 374 2
39 374 0
53 374 0
4 374 0
35 374 0
15 23 1
12 23 1
60 23 1
16 23 1
39 23 1
19 23 1
22 23 1
21 23 1
41 23 1
27 23 1
0 260 3
48 260 1
42 260 1
30 260 1
31 260 1
34 260 1
15 260 2
68 260 3
2 260 3
33 260 3
23 178 0
0 178 1
21 178 1
8 178 0
30 178 0
4 178 0
36 178 1
22 178 0
19 178 1
49 178 1
11 437 0
33 437 0
15 437 1
52 437 0
14 437 1
39 437 0
22 437 1
30 437 0
44 437 1
40 437 1
48 456 1
7 456 1
36 456 1
42 456 1
8 456 1
19 456 0
33 456 1
24 456 1
15 456 1
50 456 0
55 279 3
52 279 3
16 279 3
12 279 3
42 279 3
8 279 3
49 279 3
33 279 3
19 279 3
27 279 2
47 98 0
12 98 0
9 98 0
30 98 0
49 98 0
62 98 0
4 98 1
8 98 0
61 98 0
19 98 0
22 394 2
33 394 2
25 394 2
16 394 2
14 394 2
15 394 2
51 394 2
2 394 2
50 394 2
19 394 3
15 740 3
36 740 3
2 740 3
64 740 3
33 740 3
12 740 3
5 740 3
8 740 0
59 740 3
21 740 3
89 229 2
12 229 2
1 229 3
54 229 2
0 229 2
75 229 2
30 229 2
16 229 3
20 229 3
40 229 2
38 509 3
66 509 2
24 509 2
46 509 2
51 509 3
55 509 2
59 509 2
50 509 2
41 509 2
30 509 2
84 44 3
69 44 3
24 44 2
0 44 2
49 44 2
15 44 3
26 44 2
55 44 3
62 44 3
56 44 2
36 91 1
34 91 0
30 91 1
38 91 1
3 91 0
39 91 0
5 91 1
54 91 1
57 91 1
20 91 0
10 177 2
0 177 2
89 177 2
2 177 3
8 177 2
42 177 2
57 177 2
21 177 2
28 177 3
19 177 2
1 632 3
39 632 2
33 632 3
28 632 3
57 632 3
21 632 2
30 632 3
42 632 3
8 632 3
27 632 2
2 629 1
0 629 1
16 629 1
75 629 1
14 629 1
1 629 1
36 629 1
11 629 1
61 629 1
39 629 1
0 89 3
11 89 3
21 89 2
15 89 2
20 89 3
6 89 3
2 89 2
28 89 3
44 89 3
12 89 3
15 613 0
33 613 0
16 613 0
38 613 0
60 613 0
19 613 0
5 613 0
87 613 0
4 613 0
83 613 0
0 419 0
12 419 0
34 419 1
9 419 1
98 419 0
51 419 1
18 419 1
20 419 1
27 419 0
72 419 1
35 414 0
2 414 0
24 414 0
3 414 1
40 414 0
19 414 0
49 414 1
15 414 0
27 414 0
29 414 0
48 640 1
13 640 1
51 640 1
14 640 1
15 640 0
8 640 1
19 640 1
44 640 1
5 640 0
27 640 0
55 418 3
21 418 3
52 418 3
15 418 3
8 418 3
57 418 3
27 418 3
34 418 2
13 418 3
60 418 3
9 281 3
2 281 3
55 281 1
52 281 2
39 281 0
54 281 2
62 281 3
57 281 0
19 281 2
41 281 3
36 763 1
2 763 1
50 763 1
40 763 1
33 763 1
1 763 1
39 763 1
8 763 1
54 763 0
27 763 1
2 59 3
64 59 2
88 59 2
66 59 2
25 59 2
15 59 2
8 59 2
41 59 2
4 59 2
24 59 3
35 86 2
22 86 2
8 86 2
33 86 2
41 86 2
57 86 3
5 86 2
46 86 2
30 86 2
34 86 3
48 306 3
2 306 2
67 306 3
1 306 3
15 306 2
8 306 3
21 306 3
39 306 3
64 306 3
20 306 3
0 51 0
4 51 1
38 51 0
54 51 0
30 51 1
2 51 1
12 51 0
55 51 0
9 51 0
34 51 0
22 227 2
11 227 2
31 227 3
12 227 2
70 227 2
9 227 3
8 227 2
33 227 2
57 227 3
41 227 3
7 223 1
15 223 2
56 223 2
52 223 1
22 223 2
8 223 0
12 223 0
57 223 2
53 223 1
2 223 1
89 552 3
0 552 3
1 552 3
30 552 2
15 552 3
22 552 2
96 552 3
16 552 3
60 552 3
28 552 3
15 360 3
23 360 3
11 360 3
75 360 3
33 360 3
14 360 3
34 360 3
30 360 2
20 360 2
53 360 3
48 61 2
54 61 2
13 61 2
64 61 2
55 61 2
30 61 2
60 61 2
8 61 2
50 61 2
2 61 3
12 396 2
35 396 2
14 396 2
2 396 3
33 396 2
40 396 2
38 396 2
20 396 2
72 396 2
29 396 2
49 475 2
22 475 3
89 475 3
71 475 2
0 475 3
3 475 3
12 475 3
15 475 2
5 475 3
30 475 3
34 685 2
39 685 2
36 685 3
15 685 2
54 685 3
12 685 2
18 685 2
2 685 2
7 685 3
24 685 2
35 420 3
0 420 3
21 420 3
26 420 3
33 420 3
22 420 2
42 420 3
62 420 3
44 420 3
12 420 2
0 196 1
36 196 1
14 196 1
8 196 0
33 196 0
86 196 1
57 196 1
27 196 1
34 196 0
100 196 3
22 7 1
64 7 1
46 7 1
30 7 0
8 7 0
2 7 1
40 7 0
52 7 0
15 7 0
34 7 0
2 119 1
35 119 1
12 119 1
51 119 1
39 119 1
15 119 1
40 119 1
19 119 1
20 119 1
5 119 1
10 363 2
18 363 2
36 363 2
7 363 2
15 363 2
30 363 2
27 363 2
53 363 2
54 363 2
8 363 2
34 755 2
14 755 2
33 755 2
12 755 3
30 755 2
8 755 2
60 755 2
83 755 3
24 755 2
27 755 2
15 643 2
10 643 2
39 643 3
2 643 3
19 643 3
21 643 3
24 643 3
33 643 3
18 643 3
20 643 3
15 146 0
36 146 1
0 146 1
1 146 1
12 146 0
21 146 0
33 146 0
2 146 0
9 146 0
61 146 0
22 21 3
55 21 2
2 21 3
36 21 3
9 21 2
34 21 2
19 21 3
27 21 3
54 21 3
33 21 3
15 447 0
33 447 0
39 447 0
13 447 1
50 447 0
34 447 1
19 447 1
42 447 0
7 447 1
40 447 0
15 108 0
74 108 0
23 108 0
2 108 0
40 108 0
16 108 0
36 108 1
42 108 0
59 108 0
26 108 0
75 684 2
39 684 2
49 684 2
33 684 2
34 684 2
30 684 3
28 684 3
13 684 2
15 684 2
29 684 2
0 83 0
60 83 0
16 83 0
40 83 1
43 83 0
2 83 0
86 83 0
8 83 0
19 83 1
44 83 1
0 429 1
36 429 1
2 429 1
39 429 0
38 429 0
26 429 1
11 429 1
30 429 1
33 429 1
24 429 1
23 430 0
30 430 0
88 430 0
1 430 0
61 430 1
18 430 0
43 430 0
8 430 0
87 430 0
12 430 0
0 742 1
42 742 1
1 742 1
60 742 1
30 742 1
46 742 0
54 742 1
10 742 1
24 742 0
27 742 0
12 789 0
52 789 1
38 789 0
8 789 1
34 789 0
15 789 1
17 789 1
42 789 0
24 789 1
27 789 0
21 213 0
50 213 2
2 213 2
52 213 2
18 213 3
34 213 2
15 213 2
53 213 2
24 213 3
46 213 2
33 346 0
73 346 1
0 346 2
52 346 2
2 346 1
9 346 0
15 346 1
22 346 0
7 346 1
61 346 1
23 650 0
8 650 0
33 650 0
59 650 0
22 650 0
41 650 0
18 650 1
9 650 0
21 650 0
30 650 0
1 120 3
95 120 2
46 120 2
26 120 2
7 120 2
34 120 3
30 120 2
38 120 2
68 120 2
33 120 2
1 278 0
2 278 0
34 278 0
13 278 0
12 278 0
67 278 0
15 278 0
39 278 0
26 278 0
57 278 1
78 804 1
33 804 1
34 804 1
38 804 0
4 804 1
2 804 1
57 804 1
8 804 1
20 804 1
46 804 1
36 486 2
34 486 2
62 486 3
41 486 2
9 486 2
44 486 2
40 486 2
15 486 2
21 486 3
12 486 3
11 96 0
1 96 0
25 96 1
22 96 0
27 96 0
34 96 0
19 96 0
46 96 0
42 96 0
97 96 0
0 659 2
15 659 2
34 659 2
36 659 2
60 659 2
8 659 2
35 659 2
20 659 2
19 659 2
27 659 2
89 737 1
12 737 1
21 737 1
4 737 1
13 737 1
68 737 1
44 737 1
40 737 1
93 737 1
15 737 1
1 724 0
12 724 0
38 724 0
7 724 0
9 724 1
40 724 0
2 724 1
46 724 0
20 724 0
87 724 0
47 465 3
39 465 2
14 465 2
30 465 2
21 465 0
19 465 3
40 465 2
52 465 2
9 465 3
2 465 3
13 355 0
11 355 1
1 355 0
36 355 1
66 355 1
31 355 1
34 355 1
2 355 1
18 355 0
33 355 0
34 529 2
35 529 2
36 529 2
80 529 2
71 529 2
24 529 2
15 529 2
46 529 2
52 529 2
2 529 2
23 150 0
36 150 1
2 150 0
61 150 0
30 150 1
15 150 0
53 150 0
68 150 0
12 150 0
10 150 0
82 614 0
40 614 0
11 614 0
46 614 0
29 614 1
38 614 0
19 614 1
41 614 0
33 614 0
2 614 1
0 738 3
60 738 3
34 738 3
20 738 3
27 738 3
19 738 3
65 738 3
15 738 3
30 738 3
2 738 3
22 303 1
71 303 0
84 303 0
1 303 0
98 303 1
3 303 0
61 303 1
36 303 3
60 303 0
2 303 0
36 2 3
0 2 3
15 2 2
24 2 2
22 2 3
33 2 2
12 2 3
96 2 2
53 2 3
57 2 3
10 503 1
8 503 0
30 503 0
33 503 0
70 503 1
16 503 0
40 503 0
2 503 0
53 503 0
44 503 1
11 189 3
0 189 3
60 189 3
33 189 2
9 189 2
43 189 2
46 189 3
7 189 3
49 189 3
2 189 3
30 248 0
13 248 1
46 248 1
22 248 1
39 248 1
12 248 1
9 248 1
19 248 1
18 248 1
52 248 1
1 565 3
8 565 3
41 565 3
19 565 3
4 565 2
5 565 3
34 565 2
50 565 3
13 565 3
33 565 3
10 230 2
15 230 2
13 230 3
18 230 3
26 230 3
50 230 2
34 230 0
12 230 2
24 230 2
58 230 3
12 599 0
2 599 1
39 599 0
33 599 0
15 599 0
21 599 0
18 599 0
34 599 0
58 599 0
54 599 0
10 741 2
1 741 3
51 741 2
30 741 2
40 741 3
43 741 2
20 741 2
24 741 2
19 741 3
34 741 2
1 709 1
39 709 0
69 709 0
42 709 0
21 709 0
8 709 1
15 709 0
30 709 0
57 709 1
68 709 0
0 409 2
31 409 2
4 409 2
14 409 3
22 409 3
54 409 3
61 409 3
51 409 2
26 409 3
59 409 3
39 190 0
98 190 0
52 190 0
8 190 0
4 190 0
27 190 0
2 190 1
34 190 0
18 190 0
28 190 1
12 521 3
43 521 2
34 521 2
2 521 3
50 521 3
41 521 3
53 521 3
61 521 3
72 521 2
19 521 3
23 634 2
77 634 3
89 634 2
30 634 2
24 634 3
39 634 2
51 634 2
61 634 3
52 634 2
19 634 2
34 26 0
24 26 0
12 26 0
51 26 0
8 26 0
1 26 0
11 26 0
53 26 0
20 26 0
35 26 0
47 795 1
54 795 0
0 795 1
21 795 1
33 795 0
60 795 1
96 795 0
24 795 0
8 795 2
15 795 0
10 782 2
15 782 2
55 782 2
17 782 1
34 782 2
60 782 2
30 782 2
24 782 2
52 782 2
46 782 2
30 244 1
4 244 0
2 244 1
42 244 1
53 244 1
8 244 1
19 244 1
33 244 1
21 244 1
54 244 0
11 171 3
38 171 3
39 171 3
57 171 3
50 171 2
12 171 3
19 171 3
44 171 3
42 171 3
13 171 3
36 748 1
49 748 0
38 748 1
55 748 0
12 748 0
39 748 0
1 748 0
14 748 1
9 748 0
59 748 0
8 262 0
54 262 0
21 262 0
28 262 1
41 262 0
29 262 0
87 262 1
19 262 0
15 262 1
2 262 1
21 352 3
8 352 3
5 352 3
0 352 3
42 352 3
39 352 3
54 352 3
15 352 2
43 352 2
34 352 3
3 172 0
34 172 0
50 172 0
0 172 0
33 172 0
15 172 0
20 172 1
38 172 0
42 172 0
40 172 1
1 777 2
39 777 3
30 777 3
19 777 2
18 777 3
22 777 3
49 777 3
2 777 2
15 777 3
62 777 2
23 681 2
39 681 2
0 681 2
33 681 3
46 681 3
18 681 3
12 681 3
2 681 2
8 681 2
30 681 2
84 24 2
0 24 0
36 24 1
4 24 2
13 24 2
22 24 1
33 24 0
15 24 1
34 24 1
87 24 2
36 479 1
34 479 0
0 479 0
15 479 0
22 479 0
57 479 1
8 479 0
52 479 0
19 479 0
65 479 0
2 538 3
15 538 2
40 538 2
7 538 2
19 538 2
38 538 2
53 538 2
20 538 3
34 538 2
8 538 2
36 622 1
39 622 0
98 622 0
66 622 1
9 622 0
25 622 1
20 622 0
57 622 1
2 622 0
7 622 1
13 566 0
84 566 0
39 566 1
62 566 0
22 566 1
19 566 1
28 566 1
4 566 1
20 566 1
24 566 1
1 691 1
39 691 3
22 691 2
25 691 1
40 691 3
20 691 3
2 691 3
34 691 2
8 691 3
61 691 3
54 623 1
39 623 0
3 623 0
15 623 0
30 623 0
12 623 0
18 623 1
22 623 0
20 623 1
42 623 1
21 123 3
5 123 2
51 123 3
42 123 2
34 123 3
49 123 2
46 123 2
15 123 2
4 123 2
10 123 2
12 64 0
0 64 0
36 64 1
54 64 0
16 64 0
19 64 0
59 64 0
41 64 0
28 64 1
27 64 0
13 357 1
49 357 1
16 357 0
12 357 1
22 357 1
8 357 1
5 357 1
40 357 0
28 357 1
42 357 1
89 169 0
98 169 0
88 169 0
5 169 0
42 169 0
19 169 1
34 169 0
20 169 0
11 169 0
27 169 0
12 74 2
36 74 2
42 74 2
55 74 2
0 74 2
40 74 2
20 74 2
2 74 3
62 74 2
8 74 2
15 476 0
22 476 0
38 476 1
18 476 0
68 476 0
19 476 1
33 476 0
57 476 1
2 476 3
81 476 0
55 496 1
39 496 0
12 496 0
22 496 0
1 496 0
18 496 1
19 496 1
27 496 0
20 496 0
8 496 0
47 287 2
78 287 3
38 287 2
0 287 3
39 287 3
46 287 3
9 287 2
33 287 3
43 287 2
101 287 3
33 567 1
49 567 0
2 567 0
12 567 0
60 567 1
62 567 0
8 567 1
27 567 0
40 567 1
93 567 0
77 744 0
36 744 1
35 744 0
55 744 1
13 744 1
14 744 1
16 744 0
40 744 1
20 744 0
15 744 0
10 307 1
11 307 0
23 307 0
42 307 0
38 307 1
14 307 1
59 307 1
49 307 1
28 307 3
8 307 0
39 570 3
9 570 3
22 570 3
46 570 3
26 570 3
11 570 3
53 570 3
15 570 2
19 570 3
2 570 3
0 388 3
39 388 3
3 388 3
50 388 3
15 388 2
13 388 2
5 388 3
1 388 3
49 388 3
40 388 3
39 361 1
6 361 1
15 361 1
27 361 1
9 361 1
20 361 1
8 361 1
5 361 1
19 361 1
33 361 1
24 366 1
46 366 1
38 366 0
42 366 1
40 366 0
33 366 1
8 366 0
34 366 1
19 366 1
52 366 0
11 560 0
9 560 0
60 560 1
40 560 0
16 560 1
41 560 0
19 560 0
8 560 0
102 560 0
34 560 0
23 575 2
39 575 2
46 575 3
33 575 2
18 575 3
90 575 2
53 575 2
6 575 3
71 575 3
24 575 3
1 403 3
69 403 3
34 403 3
36 403 2
38 403 2
30 403 2
26 403 2
2 403 3
15 403 2
6 403 2
48 626 0
95 626 0
30 626 0
39 626 0
33 626 0
16 626 0
14 626 0
12 626 0
1 626 1
4 626 0
47 289 3
10 289 3
84 289 3
35 289 3
50 289 3
38 289 3
52 289 3
2 289 2
30 289 3
12 289 3
11 607 2
16 607 3
24 607 2
15 607 2
33 607 2
40 607 2
57 607 2
62 607 2
72 607 2
41 607 3
7 761 1
14 761 1
2 761 1
40 761 0
8 761 0
62 761 1
25 761 1
12 761 0
34 761 0
43 761 0
0 434 3
9 434 2
12 434 3
46 434 3
34 434 2
24 434 3
39 434 3
90 434 2
52 434 2
50 434 3
71 458 2
38 458 2
60 458 2
26 458 2
33 458 2
22 458 2
19 458 2
57 458 2
11 458 2
49 458 3
36 696 1
35 696 1
43 696 1
34 696 1
59 696 1
2 696 1
5 696 1
9 696 1
30 696 0
42 696 1
103 323 0
16 323 0
51 323 0
39 323 0
2 323 1
21 323 0
22 323 0
15 323 0
40 323 1
33 323 0
14 687 3
0 687 3
8 687 3
1 687 3
17 687 1
12 687 3
40 687 3
54 687 3
29 687 3
9 687 2
12 136 2
34 136 3
15 136 2
0 136 3
21 136 2
39 136 3
55 136 3
60 136 3
2 136 3
42 136 3
73 353 0
89 353 0
12 353 0
75 353 0
55 353 0
34 353 0
27 353 0
19 353 0
53 353 0
21 353 0
39 801 1
12 801 1
8 801 1
15 801 1
42 801 1
6 801 2
22 801 1
40 801 1
34 801 2
57 801 1
69 655 2
21 655 3
15 655 2
25 655 2
60 655 3
33 655 3
1 655 3
12 655 3
49 655 3
34 655 2
33 539 2
1 539 2
84 539 2
55 539 2
62 539 2
8 539 2
49 539 2
30 539 2
28 539 3
65 539 2
10 231 3
35 231 3
78 231 3
34 231 2
55 231 3
54 231 3
36 231 3
52 231 2
42 231 3
12 231 3
15 106 2
9 106 2
42 106 2
14 106 2
16 106 2
34 106 3
55 106 2
33 106 3
38 106 3
46 106 2
12 175 2
89 175 2
33 175 2
52 175 2
55 175 2
40 175 2
42 175 2
30 175 3
34 175 2
15 175 2
10 506 2
9 506 2
2 506 3
61 506 3
24 506 2
57 506 2
12 506 2
65 506 3
41 506 3
18 506 3
47 778 0
12 778 0
22 778 0
27 778 0
44 778 1
34 778 0
68 778 0
49 778 0
19 778 0
2 778 1
0 56 0
11 56 0
2 56 1
30 56 0
20 56 1
24 56 0
49 56 0
15 56 0
29 56 1
27 56 0
12 19 0
84 19 1
39 19 0
55 19 0
46 19 0
22 19 0
16 19 0
42 19 0
20 19 1
27 19 1
30 618 0
0 618 1
61 618 1
57 618 1
68 618 1
21 618 1
40 618 1
62 618 1
34 618 1
5 618 1
2 448 1
52 448 1
33 448 0
34 448 0
60 448 0
46 448 0
45 448 0
20 448 0
57 448 1
4 448 1
39 372 3
34 372 2
25 372 0
42 372 3
19 372 3
30 372 3
54 372 3
15 372 2
33 372 3
27 372 2
33 422 0
13 422 0
54 422 1
2 422 0
16 422 0
22 422 0
49 422 1
57 422 1
52 422 0
60 422 1
34 762 0
48 762 0
42 762 0
0 762 0
68 762 0
53 762 0
43 762 0
33 762 0
20 762 0
8 762 0
69 5 2
9 5 2
36 5 3
16 5 2
33 5 3
12 5 3
19 5 3
8 5 3
62 5 3
49 5 3
11 151 0
14 151 0
24 151 0
42 151 0
70 151 0
5 151 0
40 151 0
41 151 0
33 151 1
21 151 0
47 239 0
73 239 1
3 239 0
14 239 0
55 239 0
21 239 0
19 239 0
4 239 0
62 239 0
42 239 0
1 743 2
64 743 2
89 743 2
15 743 3
16 743 2
55 743 2
22 743 2
59 743 2
52 743 2
12 743 2
49 462 3
9 462 2
26 462 3
8 462 3
34 462 3
19 462 3
20 462 3
15 462 2
13 462 2
10 462 2
55 313 1
98 313 1
15 313 1
36 313 1
1 313 0
34 313 1
2 313 1
30 313 1
11 313 1
33 313 1
34 806 2
39 806 3
0 806 3
36 806 3
8 806 3
53 806 2
33 806 3
57 806 3
12 806 2
27 806 2
9 144 0
66 144 1
14 144 0
2 144 1
1 144 0
21 144 0
12 144 0
33 144 0
20 144 0
41 144 0
71 569 3
79 569 2
0 569 2
2 569 3
40 569 2
33 569 2
26 569 2
60 569 2
16 569 2
4 569 3
10 201 1
12 201 1
19 201 1
22 201 1
8 201 0
21 201 1
24 201 1
42 201 1
9 201 1
27 201 1
82 308 1
30 308 1
1 308 0
19 308 0
55 308 1
60 308 1
22 308 1
28 308 1
7 308 1
21 308 1
69 686 0
76 686 0
64 686 1
42 686 0
26 686 0
55 686 1
34 686 0
25 686 1
6 686 0
5 686 0
23 756 1
15 756 1
1 756 0
19 756 1
28 756 1
33 756 1
52 756 1
13 756 1
30 756 1
21 756 1
24 558 3
0 558 2
51 558 3
14 558 2
42 558 2
15 558 2
8 558 2
4 558 2
57 558 3
27 558 3
76 504 3
51 504 2
21 504 2
33 504 2
29 504 3
34 504 2
46 504 3
10 504 2
24 504 2
30 504 2
3 775 2
1 775 2
6 775 2
104 775 2
11 775 2
71 775 2
19 775 2
61 775 2
26 775 2
93 775 2
1 445 0
69 445 0
36 445 1
60 445 0
3 445 0
2 445 1
21 445 0
15 445 0
6 445 0
19 445 1
31 785 0
15 785 0
12 785 0
30 785 1
42 785 0
7 785 1
8 785 0
19 785 1
29 785 1
52 785 0
12 129 0
9 129 0
49 129 0
21 129 0
4 129 0
19 129 0
46 129 0
28 129 1
57 129 1
53 129 0
3 109 3
84 109 2
32 109 2
54 109 3
50 109 2
60 109 3
9 109 2
40 109 3
12 109 3
53 109 3
12 324 0
24 324 2
14 324 2
20 324 3
64 324 2
4 324 2
19 324 3
57 324 3
105 324 2
65 324 3
1 116 1
24 116 0
36 116 1
16 116 0
8 116 1
46 116 0
72 116 2
34 116 0
29 116 0
28 116 1
18 267 1
25 267 1
90 267 0
2 267 1
8 267 1
19 267 0
42 267 0
33 267 0
27 267 0
81 267 0
23 786 2
38 786 2
55 786 2
30 786 3
46 786 2
15 786 3
12 786 2
11 786 2
54 786 3
39 786 2
9 547 2
3 547 3
39 547 3
1 547 3
22 547 3
40 547 3
65 547 3
50 547 3
20 547 3
30 547 2
0 70 3
9 70 2
42 70 2
2 70 0
36 70 3
44 70 2
12 70 3
19 70 2
15 70 2
24 70 2
54 727 0
55 727 0
7 727 0
22 727 0
8 727 0
12 727 0
33 727 0
19 727 0
20 727 0
42 727 0
42 514 1
61 514 1
44 514 2
4 514 2
72 514 2
18 514 2
9 514 2
24 514 3
83 514 2
34 514 3
49 507 1
0 507 0
36 507 1
2 507 1
34 507 1
12 507 0
42 507 1
57 507 1
16 507 1
19 507 1
1 157 0
36 157 1
11 157 0
34 157 0
56 157 1
22 157 0
45 157 0
40 157 0
19 157 0
4 157 0
1 657 0
39 657 0
11 657 0
24 657 1
31 657 0
12 657 0
9 657 0
40 657 0
51 657 0
34 657 0
0 326 0
15 326 0
36 326 1
61 326 0
30 326 0
34 326 0
42 326 0
35 326 0
93 326 0
12 326 0
1 700 1
0 700 1
55 700 1
30 700 1
15 700 1
36 700 1
8 700 1
27 700 1
28 700 2
24 700 1
1 633 0
11 633 0
69 633 0
12 633 0
4 633 0
54 633 0
42 633 0
19 633 0
6 633 1
46 633 0
12 184 0
2 184 1
38 184 0
21 184 1
19 184 1
8 184 1
15 184 0
17 184 2
39 184 0
46 184 0
12 211 1
14 211 1
26 211 1
19 211 1
36 211 1
2 211 1
46 211 1
15 211 1
28 211 3
21 211 1
0 263 1
39 263 1
3 263 1
60 263 1
7 263 1
14 263 1
59 263 1
53 263 1
20 263 1
33 263 1
76 94 1
12 94 1
38 94 3
36 94 1
39 94 1
53 94 1
15 94 1
52 94 3
68 94 1
44 94 2
39 469 2
11 469 2
2 469 2
42 469 2
33 469 2
59 469 2
8 469 2
9 469 2
5 469 2
41 469 2
11 764 1
0 764 1
54 764 1
55 764 1
5 764 1
12 764 0
14 764 1
33 764 0
22 764 1
21 764 1
2 661 3
52 661 3
15 661 2
18 661 3
51 661 2
44 661 3
10 661 3
27 661 3
49 661 3
8 661 3
49 798 1
38 798 1
34 798 1
21 798 1
16 798 0
7 798 1
53 798 1
52 798 0
2 798 1
42 798 1
3 159 0
13 159 1
8 159 0
5 159 0
16 159 0
38 159 0
59 159 0
33 159 0
62 159 0
53 159 0
10 702 2
42 702 2
34 702 2
40 702 3
39 702 3
53 702 2
54 702 3
60 702 3
22 702 2
30 702 2
35 646 1
2 646 1
80 646 1
64 646 1
30 646 1
15 646 1
1 646 1
12 646 1
49 646 1
42 646 1
11 330 0
15 330 0
46 330 0
12 330 0
42 330 0
27 330 0
2 330 1
33 330 0
40 330 0
21 330 0
13 637 3
21 637 0
3 637 2
38 637 2
55 637 3
39 637 2
85 637 2
22 637 2
11 637 2
19 637 2
3 791 1
84 791 1
52 791 0
2 791 1
42 791 1
12 791 1
68 791 1
16 791 1
19 791 1
33 791 1
9 493 0
3 493 0
55 493 1
13 493 1
22 493 0
57 493 1
38 493 1
19 493 1
40 493 0
41 493 0
13 99 3
62 99 3
38 99 3
46 99 3
52 99 3
8 99 3
20 99 3
12 99 3
11 99 3
28 99 3
84 198 2
11 198 0
54 198 0
46 198 0
2 198 1
16 198 0
38 198 0
6 198 2
60 198 1
28 198 1
35 309 3
40 309 3
9 309 2
59 309 3
54 309 3
21 309 2
57 309 2
42 309 3
27 309 2
52 309 2
15 84 3
12 84 3
34 84 3
2 84 3
20 84 3
52 84 2
8 84 3
38 84 3
19 84 3
42 84 3
12 788 3
7 788 3
54 788 3
39 788 3
36 788 3
21 788 2
42 788 3
19 788 3
35 788 3
58 788 3
34 757 2
11 757 3
49 757 3
46 757 3
36 757 3
33 757 3
8 757 3
41 757 3
27 757 2
15 757 2
12 342 3
89 342 2
39 342 2
40 342 2
22 342 2
33 342 2
38 342 2
50 342 2
62 342 3
20 342 3
64 455 3
2 455 2
26 455 2
19 455 2
40 455 2
21 455 3
41 455 2
28 455 3
11 455 2
35 455 3
0 300 3
12 300 2
8 300 2
16 300 2
28 300 3
26 300 2
42 300 2
40 300 2
19 300 2
65 300 3
42 524 0
14 524 1
25 524 2
26 524 1
27 524 0
8 524 1
46 524 0
57 524 1
41 524 0
33 524 0
0 783 0
31 783 0
64 783 1
30 783 0
2 783 0
21 783 0
16 783 0
22 783 0
19 783 0
34 783 0
36 500 3
12 500 3
24 500 2
19 500 3
42 500 2
22 500 2
44 500 2
2 500 3
15 500 2
8 500 2
54 784 3
39 784 3
8 784 3
6 784 3
2 784 3
49 784 3
24 784 3
12 784 3
19 784 3
41 784 3
34 523 1
38 523 0
0 523 0
15 523 0
9 523 1
39 523 1
4 523 1
53 523 0
87 523 0
42 523 0
15 719 0
14 719 1
12 719 0
34 719 0
56 719 0
42 719 0
30 719 1
7 719 0
22 719 0
38 719 0
33 581 0
18 581 2
34 581 0
13 581 2
87 581 2
27 581 0
54 581 1
15 581 1
19 581 0
25 581 2
34 649 1
18 649 1
49 649 1
64 649 1
52 649 1
13 649 1
10 649 1
21 649 1
57 649 1
30 649 1
89 477 1
69 477 1
51 477 1
46 477 1
9 477 0
34 477 1
2 477 1
59 477 1
54 477 1
30 477 1
40 314 0
2 314 1
21 314 1
94 314 0
56 314 0
34 314 0
8 314 0
42 314 0
30 314 0
24 314 0
55 692 3
36 692 2
49 692 2
35 692 2
12 692 2
14 692 2
4 692 2
38 692 2
44 692 2
22 692 2
12 803 0
79 803 1
30 803 1
0 803 0
55 803 1
49 803 1
46 803 1
62 803 1
38 803 1
40 803 1
57 162 1
21 162 0
38 162 0
19 162 1
42 162 0
52 162 1
20 162 0
40 162 0
34 162 0
30 162 1
10 688 1
13 688 0
60 688 0
21 688 0
14 688 0
6 688 1
42 688 0
59 688 0
8 688 1
30 688 0
12 367 1
2 367 1
21 367 1
20 367 1
10 367 1
49 367 1
30 367 1
93 367 1
83 367 1
54 367 0
36 768 2
69 768 2
9 768 2
39 768 3
60 768 3
46 768 3
35 768 3
61 768 2
16 768 2
2 768 3
39 571 0
5 571 0
43 571 0
27 571 0
34 571 0
19 571 1
44 571 1
101 571 0
30 571 1
9 571 0
10 436 0
14 436 1
33 436 1
40 436 1
4 436 1
59 436 1
24 436 1
30 436 1
44 436 1
60 436 1
48 348 2
1 348 3
34 348 2
16 348 3
30 348 2
15 348 2
8 348 3
42 348 3
27 348 2
68 348 3
3 269 0
0 269 0
4 269 1
52 269 1
54 269 1
22 269 0
53 269 0
42 269 1
34 269 0
20 269 1
34 95 0
26 95 1
33 95 1
39 95 1
52 95 0
21 95 1
2 95 1
27 95 0
41 95 0
24 95 0
10 181 0
38 181 0
34 181 0
12 181 0
16 181 0
19 181 0
49 181 0
22 181 1
8 181 0
28 181 1
12 631 1
13 631 1
4 631 1
38 631 1
8 631 1
20 631 1
58 631 1
21 631 1
27 631 1
10 631 1
76 100 2
39 100 2
12 100 2
55 100 2
14 100 2
49 100 2
26 100 2
2 100 2
19 100 2
33 100 2
15 793 1
12 793 1
34 793 1
2 793 1
22 793 1
18 793 1
52 793 0
8 793 1
5 793 1
29 793 1
55 708 1
88 708 0
38 708 0
36 708 1
18 708 0
34 708 0
15 708 0
16 708 0
62 708 0
96 708 0
10 249 3
98 249 1
33 249 2
50 249 2
46 249 2
30 249 3
51 249 3
4 249 2
36 249 2
20 249 3
11 676 3
38 676 3
39 676 3
95 676 3
31 676 3
51 676 3
0 676 3
16 676 3
19 676 3
59 676 3
3 665 3
19 665 3
42 665 3
29 665 3
4 665 2
2 665 3
10 665 2
8 665 3
30 665 2
25 665 2
33 530 1
15 530 1
34 530 1
13 530 1
7 530 1
50 530 1
53 530 1
2 530 0
54 530 1
42 530 1
42 395 1
39 395 0
94 395 0
33 395 0
34 395 0
52 395 0
57 395 1
15 395 0
21 395 1
24 395 0
50 398 0
60 398 0
49 398 0
2 398 1
15 398 1
38 398 0
8 398 0
20 398 0
34 398 0
19 398 0
11 767 0
35 767 0
69 767 0
23 767 0
30 767 0
14 767 0
94 767 0
15 767 0
40 767 0
43 767 0
59 505 2
46 505 2
101 505 2
28 505 3
2 505 1
13 505 3
20 505 2
4 505 2
15 505 2
27 505 2
54 790 3
39 790 3
34 790 3
2 790 3
44 790 3
4 790 2
87 790 3
65 790 2
93 790 3
33 790 3
39 400 2
30 400 2
19 400 2
42 400 2
2 400 2
27 400 2
9 400 2
62 400 2
21 400 3
24 400 2
12 438 1
42 438 1
88 438 1
75 438 2
70 438 1
34 438 1
56 438 1
8 438 1
33 438 1
46 438 1
10 478 2
21 478 3
12 478 1
8 478 3
2 478 3
93 478 2
52 478 3
18 478 3
15 478 2
50 478 3
30 468 1
38 468 1
4 468 0
19 468 1
11 468 1
72 468 1
65 468 0
20 468 2
27 468 0
12 468 0
11 587 0
69 587 0
26 587 0
25 587 1
16 587 0
15 587 1
34 587 1
7 587 0
42 587 0
19 587 0
10 533 1
1 533 0
64 533 1
0 533 1
15 533 0
30 533 1
12 533 0
52 533 0
8 533 1
18 533 0
75 225 1
34 225 1
12 225 1
30 225 1
22 225 1
57 225 1
15 225 1
28 225 1
54 225 1
42 225 1
15 280 2
25 280 2
40 280 2
33 280 2
20 280 2
30 280 2
34 280 2
8 280 2
72 280 2
42 280 2
49 210 3
30 210 3
55 210 3
34 210 2
22 210 3
14 210 3
42 210 1
5 210 3
7 210 3
58 210 2
13 549 2
26 549 1
51 549 0
25 549 2
22 549 1
11 549 0
42 549 1
28 549 1
34 549 0
65 549 2
48 221 2
1 221 3
22 221 2
57 221 2
36 221 2
9 221 3
50 221 2
19 221 2
29 221 2
62 221 2
0 697 1
13 697 1
39 697 0
68 697 1
20 697 1
29 697 1
9 697 1
65 697 1
34 697 1
53 697 1
0 40 3
2 40 2
52 40 3
55 40 2
12 40 3
39 40 3
18 40 3
59 40 3
30 40 2
64 40 3
48 454 2
66 454 2
38 454 2
30 454 2
24 454 2
34 454 3
2 454 2
8 454 2
72 454 2
52 454 2
24 139 0
2 139 0
55 139 0
12 139 0
44 139 1
7 139 1
4 139 0
19 139 0
68 139 0
27 139 0
11 559 0
80 559 0
9 559 0
60 559 0
2 559 1
43 559 0
12 559 0
8 559 1
72 559 0
40 559 0
0 228 0
39 228 1
30 228 0
9 228 1
52 228 1
16 228 0
19 228 0
54 228 0
96 228 1
42 228 1
12 544 0
0 544 0
36 544 1
15 544 0
52 544 0
14 544 0
54 544 0
2 544 1
8 544 0
21 544 0
11 9 0
75 9 0
40 9 1
22 9 0
28 9 1
18 9 0
46 9 0
19 9 0
26 9 0
44 9 0
1 294 1
66 294 1
13 294 1
22 294 0
20 294 0
25 294 1
4 294 0
34 294 0
26 294 0
68 294 0
9 705 0
36 705 1
15 705 0
46 705 0
52 705 1
33 705 0
2 705 1
56 705 0
4 705 0
12 705 0
10 781 2
46 781 2
71 781 2
60 781 2
30 781 2
55 781 2
6 781 2
90 781 3
8 781 2
2 781 2
39 573 0
42 573 1
54 573 1
4 573 0
33 573 0
34 573 0
6 573 2
43 573 0
5 573 0
49 573 1
49 343 3
55 343 3
19 343 3
46 343 3
35 343 3
15 343 2
2 343 3
18 343 3
13 343 2
24 343 3
11 206 0
75 206 0
46 206 0
1 206 0
19 206 0
22 206 1
35 206 0
8 206 0
65 206 1
29 206 1
1 97 0
12 97 0
60 97 1
59 97 0
49 97 1
53 97 0
30 97 1
46 97 0
8 97 0
57 97 1
2 135 3
54 135 3
7 135 3
30 135 3
22 135 3
1 135 3
42 135 3
20 135 2
44 135 3
46 135 3
2 550 1
30 550 1
38 550 0
39 550 0
51 550 0
14 550 1
55 550 1
8 550 0
11 550 0
45 550 1
3 457 1
2 457 1
39 457 1
7 457 1
34 457 1
14 457 1
56 457 0
20 457 0
12 457 1
42 457 1
15 703 0
36 703 1
34 703 0
8 703 1
50 703 1
27 703 1
53 703 1
21 703 1
60 703 1
18 703 1
15 164 2
39 164 2
54 164 2
49 164 2
40 164 2
19 164 2
6 164 2
53 164 2
8 164 2
4 164 3
15 467 2
39 467 2
1 467 2
12 467 2
4 467 3
42 467 2
34 467 3
8 467 2
58 467 2
2 467 2
39 578 3
52 578 3
8 578 3
57 578 3
41 578 2
68 578 3
44 578 3
21 578 2
40 578 3
33 578 2
12 393 0
1 393 0
11 393 1
55 393 1
7 393 1
53 393 1
2 393 1
15 393 0
24 393 1
20 393 1
11 380 0
30 380 1
15 380 0
12 380 0
57 380 1
5 380 0
43 380 0
28 380 1
34 380 0
19 380 1
46 274 0
12 274 0
52 274 0
8 274 0
62 274 0
26 274 0
27 274 0
34 274 0
20 274 0
24 274 0
12 193 1
9 193 0
36 193 1
34 193 1
57 193 1
22 193 0
30 193 0
42 193 1
21 193 1
40 193 1
8 459 1
2 459 1
46 459 1
12 459 1
34 459 2
60 459 1
38 459 1
22 459 2
13 459 2
39 459 1
36 796 2
9 796 2
12 796 2
7 796 2
26 796 2
22 796 2
30 796 3
8 796 3
41 796 3
4 796 2
0 349 3
38 349 2
21 349 2
15 349 3
8 349 2
22 349 2
30 349 2
54 349 2
11 349 3
44 349 2
42 268 1
98 268 1
0 268 1
1 268 0
49 268 1
4 268 1
43 268 1
27 268 1
53 268 1
60 268 1
15 341 1
2 341 1
21 341 1
51 341 1
59 341 1
33 341 1
36 341 1
9 341 1
50 341 1
13 341 1
35 319 1
39 319 1
0 319 1
62 319 1
33 319 1
34 319 0
22 319 1
19 319 1
21 319 1
15 319 1
34 188 2
12 188 1
0 188 1
4 188 1
24 188 1
19 188 1
16 188 1
18 188 1
65 188 1
38 188 1
30 39 0
66 39 1
64 39 1
8 39 0
16 39 0
20 39 0
34 39 0
19 39 0
21 39 0
4 39 1
42 147 0
24 147 0
36 147 1
16 147 0
21 147 0
18 147 0
12 147 0
4 147 0
11 147 0
53 147 0
49 154 3
75 154 3
24 154 3
40 154 3
26 154 3
64 154 3
68 154 3
72 154 2
21 154 3
19 154 3
1 770 3
11 770 2
15 770 3
52 770 2
34 770 3
64 770 3
25 770 3
12 770 3
57 770 1
59 770 2
1 13 2
54 13 3
34 13 2
7 13 2
16 13 2
55 13 3
18 13 3
19 13 3
38 13 3
12 13 3
47 728 3
36 728 3
3 728 3
0 728 2
15 728 2
42 728 3
21 728 2
20 728 3
39 728 2
12 728 3
0 219 2
15 219 2
33 219 2
46 219 2
5 219 2
60 219 2
9 219 2
44 219 2
13 219 2
24 219 2
75 241 0
15 241 1
34 241 0
30 241 0
57 241 1
40 241 0
42 241 0
4 241 0
28 241 1
24 241 0
49 545 0
33 545 0
15 545 0
39 545 0
12 545 0
34 545 0
8 545 1
27 545 0
30 545 1
5 545 0
1 481 1
19 481 1
2 481 1
53 481 1
59 481 1
22 481 1
61 481 1
7 481 1
42 481 0
41 481 1
55 149 3
38 149 3
20 149 3
59 149 3
54 149 3
19 149 3
33 149 2
8 149 3
12 149 3
57 149 3
13 277 1
0 277 0
88 277 0
39 277 0
55 277 1
19 277 0
42 277 0
53 277 0
62 277 0
60 277 0
21 488 1
54 488 2
8 488 1
33 488 1
59 488 1
42 488 2
64 488 1
34 488 1
9 488 1
19 488 1
3 531 1
42 531 0
33 531 0
27 531 1
46 531 0
58 531 0
41 531 0
106 531 1
8 531 1
72 531 1
2 6 1
30 6 1
33 6 1
57 6 3
20 6 1
49 6 1
68 6 1
54 6 1
93 6 1
62 6 1
9 354 2
30 354 3
55 354 2
39 354 3
12 354 2
25 354 1
21 354 2
14 354 3
2 354 2
42 354 3
39 8 0
42 8 1
14 8 0
61 8 0
24 8 0
15 8 1
40 8 2
58 8 0
4 8 0
10 8 0
0 273 2
55 273 2
26 273 2
20 273 3
29 273 2
13 273 2
42 273 2
19 273 2
27 273 2
24 273 2
15 451 0
36 451 1
55 451 0
9 451 0
39 451 0
22 451 0
43 451 0
34 451 0
11 451 0
19 451 1
75 495 2
55 495 2
33 495 2
22 495 2
64 495 2
7 495 2
8 495 2
40 495 2
36 495 2
9 495 2
80 443 1
55 443 1
8 443 1
49 443 1
1 443 1
36 443 1
9 443 1
6 443 1
27 443 1
30 443 1
55 489 0
14 489 0
30 489 0
22 489 0
34 489 0
27 489 0
42 489 0
7 489 1
41 489 0
29 489 1
11 753 1
0 753 1
16 753 1
52 753 1
6 753 1
8 753 1
19 753 1
12 753 1
24 753 1
50 753 1
0 112 1
11 112 0
79 112 0
14 112 0
50 112 0
21 112 0
26 112 0
30 112 0
43 112 0
2 112 0
0 425 1
36 425 1
55 425 0
38 425 1
40 425 0
46 425 1
42 425 1
18 425 1
62 425 1
12 425 1
2 677 3
7 677 3
75 677 3
12 677 3
38 677 3
22 677 3
42 677 3
9 677 3
50 677 3
15 677 3
3 416 0
9 416 0
49 416 0
39 416 0
54 416 0
38 416 1
30 416 1
33 416 0
21 416 1
29 416 1
11 297 0
76 297 0
15 297 0
39 297 0
6 297 0
60 297 1
42 297 0
21 297 0
19 297 0
40 297 1
39 243 0
36 243 1
55 243 0
4 243 0
14 243 1
7 243 0
34 243 0
16 243 0
40 243 1
28 243 1
39 152 2
24 152 2
34 152 2
28 152 3
17 152 2
22 152 2
8 152 2
11 152 3
21 152 2
57 152 3
36 111 3
78 111 3
5 111 3
12 111 2
57 111 1
40 111 3
8 111 3
41 111 3
34 111 2
42 111 3
60 707 2
34 707 2
24 707 2
22 707 2
20 707 3
27 707 2
7 707 2
19 707 3
42 707 3
23 707 2
31 663 3
54 663 3
15 663 2
40 663 3
33 663 3
38 663 3
49 663 3
30 663 2
34 663 1
20 663 3
75 472 2
0 472 2
55 472 2
15 472 2
14 472 2
2 472 3
59 472 2
19 472 2
11 472 2
12 472 3
2 173 2
12 173 3
5 173 3
44 173 3
30 173 3
21 173 3
72 173 3
52 173 3
15 173 3
10 173 3
11 611 1
55 611 1
14 611 1
42 611 1
15 611 1
19 611 1
30 611 1
49 611 1
8 611 1
57 611 1
79 46 3
0 46 3
36 46 3
38 46 3
14 46 3
40 46 3
2 46 3
52 46 3
8 46 3
21 46 3
15 339 3
9 339 3
0 339 2
21 339 2
6 339 2
59 339 3
54 339 2
28 339 2
2 339 3
62 339 2
31 759 0
0 759 0
49 759 1
34 759 0
19 759 1
12 759 0
11 759 0
57 759 1
20 759 2
58 759 1
55 407 2
15 407 2
16 407 2
12 407 2
22 407 2
50 407 2
52 407 3
38 407 3
4 407 2
30 407 2
15 408 1
76 408 1
12 408 1
21 408 1
20 408 1
52 408 1
62 408 1
26 408 1
30 408 0
42 408 1
7 627 1
70 627 1
49 627 1
22 627 0
4 627 0
12 627 1
19 627 1
30 627 1
8 627 1
53 627 1
15 561 2
3 561 2
75 561 1
30 561 3
59 561 2
40 561 2
57 561 3
60 561 3
33 561 2
12 561 3
3 706 3
38 706 3
40 706 3
15 706 2
10 706 2
60 706 2
33 706 3
28 706 3
21 706 2
27 706 2
38 519 3
5 519 3
8 519 1
52 519 3
36 519 3
20 519 2
19 519 3
21 519 3
46 519 3
83 519 2
48 805 1
0 805 1
79 805 1
55 805 1
12 805 1
2 805 1
16 805 1
19 805 1
9 805 1
10 805 1
48 282 0
1 282 1
21 282 0
34 282 1
30 282 0
8 282 0
20 282 0
2 282 1
57 282 1
10 282 0
79 621 1
15 621 1
46 621 0
34 621 1
33 621 0
54 621 1
12 621 0
27 621 0
4 621 0
2 621 1
14 20 1
34 20 0
2 20 1
42 20 1
39 20 0
21 20 0
41 20 0
60 20 0
24 20 1
28 20 1
89 62 3
2 62 3
30 62 3
53 62 3
34 62 2
15 62 2
5 62 3
46 62 3
35 62 3
24 62 3
11 520 3
24 520 3
16 520 3
8 520 3
6 520 3
19 520 3
7 520 3
54 520 3
40 520 3
53 520 3
39 232 3
30 232 3
42 232 3
34 232 2
14 232 3
12 232 3
8 232 3
5 232 3
62 232 3
9 232 3
34 679 2
15 679 2
33 679 2
42 679 2
11 679 2
21 679 2
2 679 3
57 679 3
46 679 2
8 679 2
60 155 3
38 155 3
19 155 3
12 155 3
2 155 3
65 155 3
13 155 3
15 155 2
44 155 3
27 155 2
0 28 0
10 28 0
42 28 0
55 28 0
36 28 1
33 28 0
12 28 0
21 28 0
16 28 0
20 28 0
55 16 3
66 16 2
51 16 2
43 16 2
20 16 2
39 16 2
44 16 2
12 16 2
8 16 2
72 16 2
3 638 2
42 638 3
30 638 2
39 638 2
40 638 2
107 638 2
62 638 2
60 638 2
21 638 2
38 638 2
34 0 1
1 0 1
12 0 1
33 0 1
64 0 1
28 0 3
20 0 1
29 0 0
60 0 1
2 0 1
0 80 2
36 80 2
7 80 3
61 80 3
41 80 3
12 80 3
42 80 2
35 80 2
46 80 2
33 80 2
12 718 2
7 718 2
36 718 2
14 718 2
15 718 3
52 718 2
46 718 2
19 718 2
65 718 2
27 718 2
0 712 0
30 712 0
33 712 0
38 712 1
57 712 1
18 712 0
9 712 0
34 712 0
20 712 1
42 712 0
2 651 2
14 651 3
55 651 3
43 651 2
18 651 2
59 651 3
49 651 3
54 651 3
19 651 3
12 651 3
42 664 3
52 664 2
50 664 3
20 664 3
11 664 3
2 664 3
30 664 2
54 664 3
4 664 3
19 664 3
47 334 3
11 334 3
3 334 3
46 334 3
12 334 3
15 334 2
36 334 3
53 334 3
42 334 3
50 334 3
49 47 2
53 47 2
22 47 2
20 47 2
30 47 2
40 47 2
29 47 2
2 47 2
58 47 2
34 47 3
24 449 1
19 449 1
40 449 1
50 449 1
13 449 2
2 449 1
58 449 1
33 449 1
15 449 1
8 449 0
35 387 2
2 387 3
22 387 2
4 387 2
12 387 3
8 387 3
27 387 2
54 387 3
15 387 2
24 387 2
36 27 3
3 27 3
39 27 3
30 27 3
34 27 3
27 27 3
56 27 3
40 27 3
21 27 2
41 27 3
0 412 1
2 412 1
15 412 1
14 412 1
8 412 1
28 412 1
42 412 1
35 412 1
30 412 1
33 412 1
15 405 0
22 405 0
42 405 0
21 405 0
57 405 1
30 405 0
20 405 0
29 405 1
33 405 0
28 405 1
34 542 1
42 542 1
15 542 1
39 542 1
1 542 0
59 542 1
2 542 1
8 542 0
4 542 1
11 542 0
0 33 2
15 33 2
19 33 2
33 33 2
12 33 3
34 33 2
65 33 2
52 33 2
28 33 3
7 33 2
30 76 1
2 76 1
40 76 0
42 76 0
15 76 1
61 76 1
57 76 1
52 76 0
46 76 1
4 76 1
2 337 1
34 337 0
13 337 1
12 337 0
30 337 0
33 337 0
60 337 1
14 337 1
42 337 0
72 337 1
15 746 1
12 746 1
21 746 1
26 746 1
34 746 2
10 746 1
58 746 1
33 746 1
8 746 1
44 746 1
0 426 0
36 426 1
64 426 0
104 426 0
28 426 1
8 426 0
12 426 0
4 426 0
2 426 1
42 426 0
34 85 0
38 85 0
9 85 0
21 85 0
56 85 0
44 85 0
19 85 0
12 85 0
8 85 1
97 85 0
15 332 3
16 332 3
22 332 2
8 332 2
57 332 3
62 332 2
27 332 2
42 332 2
29 332 2
65 332 2
39 747 0
15 747 0
55 747 0
2 747 1
96 747 0
4 747 0
18 747 0
53 747 0
21 747 0
19 747 1
42 364 0
2 364 0
30 364 1
12 364 0
20 364 0
58 364 0
24 364 0
27 364 0
34 364 0
7 364 0
22 667 3
30 667 3
41 667 3
40 667 3
8 667 3
54 667 3
42 667 3
18 667 3
52 667 3
27 667 2
1 726 0
59 726 1
42 726 1
43 726 1
30 726 0
8 726 1
72 726 1
19 726 1
50 726 1
25 726 1
36 103 1
34 103 0
2 103 0
30 103 0
21 103 0
38 103 0
54 103 0
20 103 0
22 103 0
11 103 0
16 630 3
12 630 2
54 630 3
8 630 3
4 630 3
57 630 2
30 630 2
7 630 3
19 630 3
83 630 2
42 440 0
9 440 0
39 440 0
33 440 1
46 440 0
27 440 0
22 440 1
8 440 1
41 440 0
20 440 0
14 301 3
34 301 2
57 301 3
41 301 3
33 301 3
29 301 3
71 301 3
26 301 3
15 301 2
53 301 3
43 202 2
14 202 2
8 202 2
11 202 2
57 202 1
87 202 2
24 202 2
30 202 3
15 202 2
34 202 3
39 546 3
12 546 2
1 546 3
55 546 3
2 546 3
18 546 3
9 546 2
33 546 3
30 546 3
20 546 3
33 71 0
42 71 0
59 71 0
8 71 1
52 71 0
2 71 0
15 71 0
41 71 0
62 71 0
19 71 0
12 168 0
30 168 0
8 168 1
36 168 1
44 168 1
2 168 1
42 168 1
34 168 0
13 168 2
15 168 0
38 340 2
2 340 3
39 340 2
9 340 2
22 340 2
30 340 2
33 340 2
24 340 2
5 340 2
20 340 2
39 711 0
30 711 0
33 711 0
16 711 0
34 711 0
12 711 0
21 711 0
11 711 0
8 711 1
50 711 0
15 191 0
42 191 1
41 191 0
27 191 0
34 191 0
19 191 0
46 191 0
40 191 1
4 191 0
72 191 0
1 415 0
0 415 1
2 415 1
39 415 1
42 415 1
16 415 1
8 415 0
19 415 1
34 415 1
15 415 1
2 368 1
39 368 0
12 368 0
35 368 0
9 368 0
42 368 0
40 368 1
61 368 1
28 368 1
19 368 0
15 617 2
1 617 3
39 617 2
12 617 3
56 617 2
61 617 2
30 617 2
33 617 2
8 617 2
65 617 3
0 722 0
21 722 0
12 722 1
28 722 1
54 722 0
20 722 0
24 722 1
58 722 0
10 722 1
60 722 1
36 424 3
30 424 2
2 424 3
42 424 3
12 424 3
7 424 2
57 424 2
28 424 3
40 424 3
54 424 3
0 359 2
1 359 3
15 359 2
55 359 2
30 359 3
12 359 2
54 359 2
39 359 2
10 359 2
2 359 3
20 658 1
28 658 1
57 658 1
42 658 0
2 658 0
19 658 1
60 658 1
24 658 0
53 658 0
25 658 1
39 645 0
42 645 0
16 645 0
28 645 1
21 645 0
52 645 0
12 645 0
15 645 0
19 645 0
106 645 1
36 522 1
19 522 1
39 522 0
12 522 0
8 522 0
42 522 0
20 522 0
28 522 1
21 522 1
27 522 0
15 373 0
42 373 0
33 373 0
11 373 0
2 373 1
24 373 0
21 373 0
19 373 0
8 373 0
58 373 0
16 758 0
30 758 1
34 758 1
61 758 0
42 758 1
12 758 1
53 758 1
19 758 1
21 758 1
29 758 1
18 217 2
64 217 2
49 217 2
52 217 2
38 217 2
27 217 3
72 217 2
24 217 2
44 217 2
58 217 2
15 209 1
34 209 1
38 209 1
33 209 1
20 209 1
42 209 1
35 209 1
2 209 1
24 209 1
27 209 0
12 290 2
15 290 2
8 290 3
33 290 2
26 290 3
19 290 3
20 290 3
34 290 2
58 290 3
2 290 3
39 642 1
36 642 1
42 642 1
30 642 1
64 642 1
68 642 1
19 642 1
24 642 1
12 642 1
20 642 1
12 580 3
39 580 3
33 580 3
6 580 3
50 580 3
52 580 2
72 580 2
65 580 3
19 580 3
21 580 3
54 69 2
40 69 2
46 69 2
30 69 2
19 69 2
52 69 2
42 69 2
58 69 2
21 69 2
8 69 2
39 773 2
35 773 2
30 773 2
28 773 3
12 773 3
41 773 2
58 773 2
101 773 2
44 773 2
27 773 2
34 36 0
39 36 0
1 36 0
2 36 1
12 36 0
22 36 0
43 36 0
18 36 1
21 36 1
53 36 0
12 252 0
2 252 1
30 252 0
27 252 0
18 252 0
20 252 1
15 252 1
10 252 0
28 252 1
46 252 0
34 216 1
2 216 3
13 216 1
22 216 1
9 216 1
24 216 1
28 216 1
54 216 1
21 216 1
10 216 1
42 401 1
19 401 1
53 401 1
5 401 1
4 401 1
26 401 1
33 401 1
20 401 1
12 401 1
7 401 1
55 635 2
8 635 3
9 635 2
22 635 2
15 635 2
61 635 3
46 635 3
60 635 2
19 635 3
50 635 3
12 446 3
34 446 2
30 446 3
54 446 3
57 446 2
26 446 3
8 446 3
28 446 3
33 446 3
46 446 3
15 38 0
39 38 0
36 38 1
42 38 0
19 38 1
30 38 1
101 38 0
7 38 0
24 38 0
2 38 1
2 680 0
50 680 0
21 680 0
40 680 1
44 680 0
29 680 0
24 680 0
19 680 0
58 680 0
10 680 0
39 304 1
38 304 1
30 304 0
34 304 0
33 304 1
15 304 1
42 304 1
19 304 1
8 304 1
29 304 1
34 548 2
55 548 2
2 548 3
54 548 3
41 548 3
24 548 2
53 548 3
18 548 2
12 548 3
57 548 1
0 10 0
42 10 0
19 10 1
12 10 0
33 10 0
24 10 0
21 10 1
15 10 0
87 10 0
53 10 0
0 350 2
36 350 3
15 350 3
60 350 2
5 350 2
9 350 3
65 350 3
58 350 2
18 350 3
33 350 2
39 167 0
11 167 0
60 167 1
18 167 0
34 167 0
30 167 0
87 167 0
35 167 0
52 167 0
101 167 0
27 187 2
12 187 2
2 187 3
21 187 3
50 187 2
13 187 2
11 187 2
7 187 2
58 187 2
34 187 3
0 322 3
14 322 3
30 322 3
21 322 3
20 322 3
49 322 3
27 322 2
57 322 3
24 322 2
29 322 3
34 461 0
33 461 0
30 461 1
10 461 0
68 461 1
44 461 1
20 461 1
53 461 0
24 461 0
5 461 0
34 236 2
33 236 2
42 236 2
8 236 2
57 236 3
20 236 2
7 236 2
2 236 3
52 236 2
21 236 2
16 335 3
21 335 2
59 335 3
9 335 3
46 335 3
41 335 3
6 335 3
2 335 3
19 335 3
42 335 3
39 704 2
42 704 2
54 704 3
34 704 2
62 704 2
22 704 2
27 704 2
8 704 2
40 704 2
12 704 2
15 485 0
39 485 0
33 485 0
30 485 1
12 485 0
34 485 0
44 485 1
4 485 0
27 485 0
93 485 0
8 174 0
12 174 0
30 174 0
61 174 0
60 174 1
15 174 0
57 174 1
53 174 0
54 174 1
27 174 2
30 499 0
12 499 0
35 499 0
34 499 0
41 499 0
5 499 1
19 499 1
10 499 0
72 499 0
15 499 0
12 54 0
15 54 0
20 54 0
2 54 1
24 54 0
52 54 0
46 54 0
21 54 0
72 54 1
8 54 1
4 126 0
12 126 0
52 126 0
42 126 0
19 126 0
86 126 0
40 126 1
2 126 1
8 126 0
30 126 0
2 669 2
33 669 2
8 669 2
21 669 3
34 669 3
12 669 3
42 669 2
41 669 3
50 669 2
26 669 2
11 58 2
13 58 2
30 58 3
57 58 3
15 58 2
21 58 3
26 58 2
42 58 2
12 58 3
20 58 2
39 525 0
12 525 0
34 525 0
8 525 0
30 525 0
9 525 0
22 525 0
19 525 1
41 525 0
4 525 0
12 107 0
2 107 1
11 107 1
19 107 1
22 107 1
8 107 0
42 107 0
30 107 0
15 107 1
4 107 3
2 511 3
15 511 2
36 511 3
12 511 2
42 511 3
33 511 2
11 511 3
46 511 3
72 511 2
8 511 3
14 591 1
22 591 1
13 591 1
5 591 1
30 591 0
24 591 0
20 591 1
72 591 1
93 591 1
57 591 1
12 29 3
9 29 3
27 29 3
42 29 3
30 29 3
24 29 3
50 29 3
58 29 2
41 29 3
5 29 3
12 482 3
5 482 2
17 482 2
2 482 3
35 482 2
24 482 2
72 482 2
15 482 2
44 482 2
30 482 2
15 600 1
8 600 1
40 600 1
39 600 0
20 600 1
34 600 0
41 600 0
65 600 1
12 600 1
27 600 1
39 675 0
2 675 1
93 675 0
40 675 0
50 675 0
19 675 0
65 675 0
8 675 0
58 675 0
46 675 0
2 598 1
15 598 1
36 598 1
19 598 0
13 598 1
20 598 1
41 598 0
30 598 0
60 598 1
40 598 2
19 588 3
30 588 3
27 588 2
40 588 3
24 588 2
12 588 3
20 588 3
9 588 2
33 588 3
29 588 3
0 535 0
15 535 0
34 535 0
33 535 0
50 535 0
27 535 0
72 535 0
20 535 0
53 535 0
106 535 0
0 78 0
12 78 0
33 78 0
28 78 3
21 78 1
59 78 0
57 78 1
60 78 1
29 78 1
19 78 0
2 562 3
36 562 2
15 562 2
11 562 2
10 562 2
42 562 2
52 562 2
8 562 1
30 562 2
40 562 2
12 12 0
39 12 0
34 12 1
2 12 1
16 12 0
14 12 1
28 12 1
21 12 1
42 12 0
57 12 1
8 245 1
5 245 0
19 245 0
11 245 0
33 245 0
28 245 1
52 245 0
2 245 0
58 245 0
15 245 0
2 305 2
12 305 2
33 305 3
28 305 3
20 305 3
41 305 3
21 305 2
15 305 2
27 305 2
34 305 3
22 351 0
8 351 0
2 351 0
27 351 0
33 351 0
15 351 0
19 351 0
34 351 0
42 351 0
57 351 1
49 131 3
7 131 2
22 131 2
21 131 2
46 131 3
20 131 3
27 131 2
71 131 2
50 131 3
65 131 3
44 104 0
18 104 0
13 104 1
33 104 0
65 104 0
8 104 0
27 104 0
34 104 0
15 104 0
21 104 0
34 596 0
33 596 0
12 596 0
27 596 0
9 596 0
72 596 0
44 596 0
24 596 0
28 596 1
40 596 1
0 163 3
30 163 2
21 163 2
27 163 2
46 163 3
42 163 3
10 163 3
19 163 3
15 163 2
34 163 2
19 536 1
4 536 0
46 536 0
33 536 0
15 536 1
24 536 0
57 536 1
12 536 0
41 536 0
2 536 1
42 194 3
2 194 3
9 194 3
49 194 3
50 194 3
30 194 3
57 194 3
12 194 3
19 194 3
29 194 3
52 616 1
21 616 0
53 616 1
12 616 1
13 616 1
54 616 1
42 616 1
41 616 1
15 616 1
19 616 1
0 772 1
15 772 1
57 772 1
8 772 1
11 772 1
24 772 1
21 772 1
33 772 1
30 772 1
12 772 1
8 218 2
19 218 2
28 218 3
24 218 2
59 218 2
42 218 2
53 218 2
27 218 2
87 218 2
30 218 3
12 674 3
30 674 2
6 674 3
34 674 2
8 674 1
19 674 3
13 674 2
53 674 3
42 674 3
72 674 2
46 592 1
40 592 1
2 592 1
8 592 1
20 592 0
61 592 1
10 592 1
83 592 1
24 592 1
27 592 1
0 253 2
22 253 2
16 253 3
21 253 2
19 253 2
30 253 2
40 253 2
27 253 3
7 253 2
54 253 2
33 212 2
12 212 3
30 212 2
10 212 2
71 212 2
27 212 2
29 212 2
8 212 2
2 212 3
26 212 2
33 79 1
9 79 1
2 79 1
15 79 1
12 79 1
58 79 1
19 79 1
21 79 1
65 79 1
46 79 1
34 143 1
40 143 1
28 143 1
46 143 1
42 143 1
12 143 1
33 143 1
72 143 1
27 143 1
11 143 1
12 508 0
4 508 0
33 508 0
42 508 1
44 508 0
5 508 0
53 508 0
46 508 0
41 508 0
38 508 0
33 207 0
10 207 0
4 207 0
21 207 0
41 207 0
12 207 0
8 207 0
42 207 0
19 207 0
20 207 0
46 766 2
19 766 2
54 766 2
15 766 2
53 766 2
9 766 2
57 766 2
68 766 2
72 766 2
29 766 2
19 423 3
39 423 3
42 423 3
60 423 3
11 423 3
57 423 3
24 423 3
27 423 2
53 423 3
41 423 3
0 220 1
33 220 1
52 220 1
13 220 2
19 220 1
2 220 1
24 220 1
8 220 1
72 220 1
10 220 1
33 593 0
34 593 0
20 593 0
8 593 1
9 593 0
11 593 0
30 593 0
53 593 0
15 593 0
24 593 0
42 574 0
30 574 0
6 574 1
52 574 0
28 574 1
40 574 0
59 574 0
34 574 0
12 574 0
15 574 0
30 295 2
39 295 2
8 295 2
28 295 3
12 295 3
44 295 2
29 295 2
58 295 2
53 295 2
27 295 2
27 22 3
4 22 2
30 22 2
10 22 2
12 22 2
19 22 2
8 22 2
34 22 3
72 22 2
44 22 2
39 30 0
36 30 1
15 30 0
8 30 1
19 30 1
24 30 0
41 30 0
4 30 1
57 30 1
2 30 0
12 725 1
33 725 1
15 725 0
34 725 0
52 725 1
8 725 1
5 725 1
30 725 1
35 725 1
65 725 0
2 182 2
53 182 3
15 182 2
30 182 2
34 182 3
40 182 3
65 182 2
20 182 3
62 182 3
108 182 2
30 275 0
15 275 0
39 275 0
24 275 0
2 275 1
42 275 0
13 275 0
19 275 0
29 275 0
33 275 0
2 585 1
59 585 0
8 585 1
15 585 0
62 585 1
52 585 1
30 585 1
33 585 0
20 585 0
57 585 1
19 166 3
39 166 3
33 166 3
15 166 2
34 166 2
20 166 3
30 166 2
12 166 2
41 166 3
21 166 3
2 369 3
8 369 2
34 369 2
11 369 2
57 369 3
15 369 2
42 369 2
41 369 2
71 369 2
30 369 3
12 246 0
39 246 0
28 246 1
41 246 0
4 246 1
33 246 1
27 246 1
2 246 1
40 246 2
57 246 1
30 311 0
21 311 0
42 311 0
34 311 0
50 311 0
57 311 1
19 311 0
5 311 0
72 311 0
71 311 0
12 318 1
19 318 1
34 318 1
42 318 1
38 318 1
30 318 1
28 318 1
33 318 1
8 318 1
53 318 1
52 203 0
12 203 0
20 203 0
83 203 0
7 203 0
8 203 0
29 203 0
65 203 0
2 203 1
57 203 1
39 87 0
8 87 1
2 87 0
72 87 0
40 87 0
4 87 0
9 87 0
30 87 0
19 87 0
57 87 1
34 406 2
42 406 3
2 406 3
19 406 3
26 406 3
33 406 3
57 406 3
62 406 3
46 406 3
87 406 3
30 517 3
9 517 2
2 517 2
33 517 2
19 517 2
8 517 2
65 517 2
15 517 3
10 517 2
54 517 2
30 397 0
12 397 0
2 397 0
15 397 0
44 397 1
62 397 0
20 397 0
9 397 0
65 397 0
33 397 0
30 296 3
19 296 3
61 296 2
21 296 3
11 296 3
57 296 3
49 296 3
106 296 3
34 296 1
26 296 3
15 582 1
2 582 0
57 582 3
65 582 1
35 582 2
29 582 2
27 582 3
19 582 2
21 582 3
34 582 2
15 749 1
40 749 2
30 749 2
27 749 2
18 749 2
41 749 2
42 749 3
33 749 2
34 749 2
8 749 1
65 673 2
54 673 2
27 673 2
2 673 3
34 673 2
42 673 2
8 673 2
72 673 2
61 673 2
106 673 2
30 257 2
8 257 2
18 257 2
33 257 2
42 257 2
46 257 2
93 257 3
26 257 2
60 257 2
28 257 3
2 501 0
22 501 0
11 501 0
57 501 1
8 501 0
41 501 0
68 501 0
29 501 0
83 501 0
19 501 0
9 1 2
8 1 2
60 1 2
101 1 2
24 1 2
12 1 2
2 1 3
15 1 2
33 1 2
29 1 2
4 413 2
20 413 3
8 413 3
11 413 3
40 413 3
60 413 3
15 413 2
9 413 2
21 413 3
41 413 3
60 453 0
8 453 0
24 453 0
15 453 0
30 453 1
40 453 0
33 453 0
57 453 1
5 453 0
29 453 0
34 528 2
30 528 2
59 528 3
42 528 3
65 528 3
20 528 3
33 528 3
44 528 3
13 528 2
57 528 3
59 256 2
2 256 2
33 256 2
26 256 2
42 256 2
15 256 2
19 256 3
8 256 3
61 256 3
60 256 2
12 710 0
30 710 1
15 710 1
34 710 0
8 710 0
42 710 1
41 710 0
2 710 1
58 710 1
25 710 1
30 183 0
34 183 0
42 183 0
24 183 0
65 183 0
15 183 0
19 183 1
28 183 1
27 183 0
8 183 0
7 122 3
65 122 3
30 122 2
15 122 2
19 122 3
62 122 3
9 122 3
46 122 3
26 122 3
34 122 2
15 431 0
42 431 0
33 431 0
27 431 0
20 431 0
21 431 0
34 431 0
60 431 1
41 431 0
40 431 0
39 619 1
8 619 0
30 619 0
33 619 1
24 619 0
2 619 1
34 619 0
20 619 1
57 619 1
42 619 1
9 224 2
72 224 3
12 224 2
24 224 2
19 224 2
49 224 2
42 224 2
15 224 2
33 224 2
27 224 2
33 553 3
2 553 3
57 553 3
49 553 3
28 553 3
12 553 2
58 553 3
42 553 3
9 553 3
27 553 2
12 624 1
33 624 1
8 624 0
42 624 1
20 624 1
19 624 1
49 624 1
58 624 1
83 624 0
15 624 1
2 264 1
59 264 0
57 264 3
24 264 0
15 264 0
21 264 0
72 264 2
8 264 2
93 264 0
27 264 0
34 584 0
30 584 0
11 584 0
33 584 0
57 584 1
4 584 0
2 584 1
8 584 0
52 584 1
20 584 0
46 421 1
2 421 1
49 421 1
29 421 1
87 421 1
72 421 1
19 421 1
60 421 1
65 421 1
54 421 1
39 605 2
2 605 2
33 605 3
24 605 3
87 605 3
21 605 2
7 605 3
8 605 3
34 605 3
26 605 3
2 666 0
12 666 0
24 666 0
21 666 0
8 666 1
27 666 0
15 666 0
71 666 0
53 666 0
19 666 0
19 233 3
28 233 1
33 233 3
8 233 3
41 233 3
20 233 3
34 233 2
58 233 3
49 233 2
27 233 2
46 771 1
10 771 1
8 771 1
19 771 1
7 771 1
106 771 0
41 771 1
4 771 1
54 771 1
5 771 1
2 568 3
19 568 2
41 568 3
8 568 2
15 568 3
101 568 2
13 568 2
10 568 2
4 568 2
20 568 2
34 208 0
15 208 1
39 208 0
9 208 0
21 208 0
28 208 1
20 208 0
24 208 1
19 208 0
87 208 1
34 717 2
12 717 3
72 717 2
53 717 2
19 717 3
33 717 2
42 717 3
29 717 3
54 717 3
13 717 3
39 594 3
12 594 2
72 594 2
19 594 3
42 594 2
83 594 2
65 594 3
8 594 3
93 594 2
24 594 2
34 427 0
54 427 0
29 427 1
72 427 1
42 427 1
4 427 1
58 427 1
60 427 1
15 427 1
62 427 1
15 510 2
34 510 2
2 510 3
44 510 3
19 510 3
46 510 3
42 510 3
57 510 3
12 510 3
29 510 3
19 65 1
21 65 1
28 65 1
53 65 0
5 65 1
57 65 1
24 65 1
42 65 1
72 65 1
2 65 1
2 156 1
19 156 1
42 156 0
46 156 0
20 156 0
8 156 0
33 156 0
41 156 0
30 156 0
83 156 0
12 526 0
8 526 1
4 526 0
53 526 0
15 526 0
28 526 1
19 526 0
30 526 0
34 526 0
27 526 0
44 258 2
34 258 2
28 258 3
10 258 2
21 258 2
5 258 2
19 258 2
18 258 2
20 258 2
11 258 2
12 670 3
8 670 2
30 670 2
33 670 2
19 670 2
21 670 2
34 670 2
57 670 3
15 670 2
62 670 2
33 124 3
22 124 2
8 124 3
41 124 2
60 124 3
2 124 3
30 124 2
34 124 3
15 124 2
29 124 3
30 121 1
39 121 1
42 121 1
15 121 1
19 121 1
54 121 0
27 121 0
44 121 1
12 121 1
29 121 0
34 612 0
2 612 1
10 612 0
8 612 0
35 612 0
27 612 0
61 612 0
12 612 0
15 612 0
65 612 0
53 602 2
19 602 2
2 602 3
21 602 2
65 602 2
20 602 2
42 602 2
29 602 2
8 602 2
40 602 2
42 371 0
15 371 0
22 371 0
34 371 0
19 371 0
29 371 1
21 371 0
9 371 0
30 371 1
58 371 1
41 134 0
19 134 0
12 134 0
60 134 1
44 134 1
46 134 0
13 134 1
54 134 0
8 134 0
24 134 0
2 41 0
40 41 0
4 41 0
21 41 0
57 41 1
12 41 0
8 41 1
34 41 0
30 41 1
46 41 0
33 142 0
8 142 0
29 142 0
44 142 1
28 142 1
4 142 0
65 142 0
12 142 0
20 142 0
24 142 0
8 473 3
15 473 2
35 473 3
62 473 3
21 473 2
4 473 2
27 473 2
44 473 3
9 473 2
2 473 3
11 802 0
101 802 0
8 802 0
54 802 0
15 802 1
27 802 1
19 802 1
9 802 1
60 802 1
33 802 1
2 195 1
8 195 0
4 195 0
15 195 0
93 195 0
60 195 1
57 195 1
30 195 0
40 195 1
18 195 0
30 110 2
93 110 2
4 110 2
54 110 2
10 110 2
19 110 2
20 110 2
21 110 2
28 110 3
108 110 2
34 579 1
19 579 1
62 579 0
8 579 1
10 579 1
2 579 1
60 579 1
87 579 1
50 579 0
40 579 0
22 60 0
9 60 0
15 60 1
33 60 0
20 60 0
19 60 0
4 60 0
28 60 1
12 60 0
65 60 0
19 215 1
27 215 0
8 215 1
29 215 1
65 215 1
15 215 0
24 215 1
62 215 0
44 215 1
30 215 0
19 606 2
38 606 2
29 606 2
21 606 3
28 606 3
18 606 3
24 606 2
49 606 2
20 606 2
40 606 2
30 331 1
34 331 0
2 331 1
54 331 0
8 331 0
27 331 0
28 331 1
15 331 1
20 331 1
41 331 0
8 671 1
10 671 1
28 671 3
11 671 0
7 671 0
87 671 1
21 671 0
13 671 1
53 671 1
2 671 1
24 527 1
19 527 1
61 527 2
13 527 2
10 527 1
30 527 0
21 527 1
15 527 1
40 527 2
87 527 1
34 797 0
19 797 0
61 797 0
28 797 1
5 797 0
71 797 0
72 797 0
33 797 0
42 797 0
8 797 0
42 601 2
8 601 2
11 601 2
19 601 2
27 601 3
12 601 3
33 601 3
24 601 3
52 601 3
2 601 3
