145 0
327 1
534 3
265 2
45 0
460 1
641 2
235 2
480 2
336 2
128 2
652 3
487 0
689 3
563 0
284 2
754 0
299 3
66 3
283 3
644 1
140 0
293 2
130 3
441 1
286 0
392 0
452 1
799 0
259 3
378 1
668 3
603 2
723 2
470 0
17 0
49 0
428 1
205 0
57 1
382 1
678 2
682 0
179 1
776 2
794 2
302 3
701 1
328 1
620 3
391 1
662 1
690 3
733 2
433 1
615 3
161 0
55 0
471 3
656 1
291 0
654 2
375 3
636 1
43 0
577 0
176 1
271 2
376 1
377 1
714 1
484 0
695 3
583 3
383 0
204 0
483 0
653 0
4 1
288 3
180 3
512 1
25 2
779 2
312 3
683 2
18 3
356 3
384 2
557 3
31 3
515 2
345 1
751 0
148 3
745 1
82 3
68 1
660 2
316 2
543 1
132 3
541 3
102 1
800 3
385 0
554 0
404 2
502 3
67 1
200 0
730 2
310 0
774 1
597 1
315 0
270 1
792 1
35 2
450 2
648 2
186 1
185 1
715 1
540 2
72 1
137 0
15 0
242 1
750 3
432 2
247 3
769 3
254 0
292 1
647 3
402 0
734 1
494 0
516 2
197 0
276 1
739 2
48 3
101 2
237 3
609 0
379 1
491 0
672 0
564 0
298 3
138 1
88 2
53 1
3 1
732 3
466 1
222 3
780 3
32 1
787 3
721 0
399 0
113 2
698 1
386 2
214 2
75 3
325 3
238 1
556 1
365 3
11 0
513 3
417 3
317 2
92 0
115 1
338 0
117 0
474 0
411 0
595 0
125 0
160 1
439 0
716 2
199 2
752 0
370 3
490 0
118 0
333 2
344 0
492 0
52 0
14 1
127 0
604 0
713 1
518 1
153 1
463 3
192 2
720 0
532 3
731 3
165 1
362 1
589 2
410 3
555 3
141 3
735 2
628 2
114 3
625 1
610 3
639 2
266 0
81 1
699 1
551 2
320 2
765 1
435 0
250 1
158 2
736 3
694 3
170 0
537 3
42 3
329 1
572 2
261 3
608 1
63 3
321 1
34 2
381 1
272 3
358 3
590 0
576 0
255 1
442 1
251 3
444 0
133 3
234 1
285 1
37 0
389 1
105 3
73 2
77 0
498 1
497 1
93 3
464 1
693 2
760 3
50 0
729 3
90 1
240 1
226 2
586 0
347 0
390 0
374 0
23 1
260 3
178 1
437 1
456 1
279 3
98 0
394 2
740 3
229 2
509 3
44 2
91 1
177 2
632 2
629 1
89 3
613 0
419 1
414 0
640 1
418 2
281 2
763 1
59 2
86 2
306 3
51 0
227 2
223 0
552 3
360 3
61 3
396 2
475 3
685 2
420 3
196 0
7 0
119 0
363 2
755 2
643 3
146 0
21 3
447 1
108 0
684 2
83 0
429 1
430 0
742 1
789 1
213 2
346 0
650 0
120 2
278 0
804 1
486 2
96 0
659 2
737 1
724 0
465 2
355 1
529 3
150 0
614 0
738 3
303 1
2 3
503 1
189 3
248 1
565 3
230 3
599 0
741 3
709 1
409 3
190 0
521 2
634 2
26 0
795 1
782 2
244 1
171 3
748 0
262 0
352 3
172 0
777 3
681 2
24 1
479 0
538 2
622 0
566 1
691 3
623 1
123 2
64 1
357 1
169 1
74 2
476 0
496 0
287 3
567 0
744 1
307 1
570 3
388 3
361 1
366 0
560 0
575 3
403 2
626 0
289 3
607 2
761 1
434 3
458 2
696 1
323 0
687 3
136 3
353 0
801 1
655 3
539 3
231 3
106 3
175 2
506 3
778 0
56 0
19 0
618 1
448 0
372 2
422 0
762 0
5 3
151 0
239 0
743 2
462 3
313 1
806 3
144 0
569 2
201 1
308 1
686 0
756 1
558 2
504 3
775 2
445 0
785 0
129 0
109 3
324 2
116 0
267 0
786 2
547 3
70 2
727 0
514 2
507 1
157 0
657 0
326 0
700 1
633 0
184 1
211 0
263 1
94 0
469 2
764 1
661 3
798 0
159 0
702 3
646 1
330 1
637 2
791 1
493 1
99 3
198 0
309 3
84 3
788 3
757 2
342 2
455 2
300 2
524 0
783 0
500 2
784 3
523 0
719 0
581 0
649 1
477 1
314 0
692 2
803 1
162 1
688 0
367 1
768 3
571 0
436 1
348 3
269 0
95 1
181 0
631 1
100 2
793 1
708 0
249 2
676 3
665 3
530 1
395 1
398 0
767 0
505 2
790 2
400 2
438 1
478 3
468 0
587 0
533 1
225 1
280 2
210 2
549 1
221 2
697 0
40 3
454 2
139 0
559 0
228 1
544 0
9 0
294 0
705 0
781 2
573 0
343 3
206 0
97 0
135 3
550 0
457 1
703 1
164 2
467 2
578 3
393 1
380 0
274 1
193 1
459 1
796 2
349 2
268 1
341 1
319 1
188 1
39 0
147 0
154 3
770 3
13 3
728 3
219 2
241 1
545 1
481 0
149 3
277 1
488 1
531 1
6 1
354 3
8 0
273 2
451 0
495 2
443 1
489 0
753 1
112 0
425 1
677 3
416 0
297 0
243 1
152 2
111 3
707 3
663 3
472 2
173 3
611 1
46 3
339 2
759 0
407 3
408 1
627 1
561 2
706 3
519 3
805 1
282 0
621 0
20 1
62 3
520 2
232 3
679 2
155 3
28 0
16 2
638 2
0 1
80 2
718 2
712 1
651 3
664 3
334 2
47 2
449 1
387 2
27 3
412 1
405 0
542 1
33 2
76 1
337 0
746 1
426 0
85 0
332 2
747 0
364 0
667 3
726 1
103 0
630 2
440 1
301 2
202 3
546 3
71 1
168 0
340 2
711 1
191 0
415 1
368 0
617 2
722 0
424 3
359 2
658 0
645 0
522 0
373 0
758 1
217 3
209 1
290 3
642 1
580 3
69 2
773 2
36 0
252 1
216 1
401 1
635 3
446 2
38 0
680 0
304 1
548 3
10 0
350 2
167 0
187 2
322 3
461 1
236 2
335 3
704 2
485 0
174 0
499 0
54 0
126 0
669 2
58 2
525 0
107 0
511 2
591 1
29 2
482 2
600 1
675 1
598 0
588 2
535 0
78 1
562 2
12 1
245 0
305 3
351 0
131 3
104 0
596 0
163 3
536 0
194 3
616 0
772 1
218 2
674 3
592 1
253 3
212 2
79 1
143 1
508 0
207 0
766 2
423 3
220 1
593 0
574 0
295 2
22 2
30 1
725 1
182 3
275 0
585 1
166 3
369 2
246 1
311 0
318 1
203 0
87 0
406 3
517 2
397 1
296 3
582 2
749 2
673 2
257 2
501 0
1 2
413 3
453 0
528 3
256 3
710 1
183 0
122 3
431 1
619 1
224 2
553 3
624 1
264 0
584 0
421 1
605 3
666 0
233 2
771 1
568 3
208 0
717 3
594 3
427 1
510 3
65 1
156 1
526 0
258 2
670 2
124 3
121 1
612 0
602 2
371 0
134 0
41 1
142 0
473 3
802 0
195 0
110 2
579 1
60 0
215 1
606 3
331 1
671 1
527 1
797 0
601 2
