0 85 1
1 85 1
2 85 1
3 85 1
4 85 1
5 85 1
6 85 1
7 85 1
8 85 2
9 85 1
10 85 1
11 85 1
12 85 1
13 85 2
14 85 1
15 85 1
16 85 1
17 85 1
18 85 1
19 85 1
0 248 2
1 248 3
20 248 3
21 248 3
22 248 3
11 248 3
23 248 3
24 248 3
19 248 2
25 248 1
26 305 1
27 305 1
28 305 1
12 305 1
29 305 1
13 305 1
23 305 1
30 305 1
31 305 3
32 305 1
33 150 3
1 150 3
34 150 3
35 150 3
36 150 3
11 150 3
30 150 3
37 150 3
38 150 3
39 150 3
33 184 3
1 184 3
34 184 3
35 184 3
36 184 3
11 184 3
30 184 3
37 184 3
38 184 3
39 184 3
0 72 2
1 72 3
40 72 3
11 72 3
12 72 3
41 72 3
42 72 2
38 72 3
39 72 3
25 72 3
0 4 1
1 4 1
40 4 1
11 4 1
12 4 1
41 4 1
38 4 1
39 4 1
25 4 2
1 73 1
34 73 1
20 73 1
43 73 1
44 73 1
11 73 1
45 73 1
46 73 1
47 73 1
38 73 1
1 59 1
34 59 1
20 59 1
43 59 1
44 59 1
11 59 1
45 59 1
46 59 1
47 59 1
38 59 1
1 220 3
34 220 3
20 220 3
43 220 3
44 220 3
11 220 3
45 220 3
46 220 3
47 220 3
38 220 3
1 164 0
40 164 1
48 164 1
49 164 1
50 164 1
36 164 1
11 164 1
51 164 1
13 164 1
38 164 1
1 275 3
3 275 3
6 275 3
52 275 3
26 275 2
48 275 3
53 275 3
54 275 3
23 275 3
55 275 0
3 90 1
6 90 1
52 90 1
26 90 1
48 90 3
23 90 1
55 90 2
1 263 1
56 263 1
44 263 1
57 263 2
11 263 1
58 263 1
59 263 1
60 263 1
47 263 1
38 263 1
4 71 1
5 71 1
61 71 1
62 71 1
63 71 1
64 71 1
57 71 3
58 71 1
65 71 1
66 71 1
67 71 1
68 71 1
1 229 1
56 229 1
44 229 1
57 229 3
11 229 1
58 229 1
59 229 0
60 229 1
47 229 1
27 321 1
48 321 1
36 321 1
11 321 1
69 321 0
23 321 1
30 321 1
70 321 1
71 321 1
25 321 1
72 108 1
21 108 1
43 108 1
36 108 1
11 108 1
53 108 1
13 108 1
30 108 1
19 108 1
25 108 1
48 243 3
73 243 1
11 243 1
30 243 1
46 243 1
3 134 1
52 134 1
22 134 1
48 134 1
73 134 1
74 134 1
11 134 1
30 134 1
37 134 1
46 134 1
75 168 1
21 168 1
26 168 1
76 168 1
11 168 1
53 168 1
29 168 0
51 168 1
69 168 1
55 168 0
1 127 3
77 127 2
74 127 3
11 127 3
23 127 0
30 127 0
78 127 2
42 127 0
38 127 2
39 127 3
1 29 1
77 29 1
74 29 0
11 29 1
23 29 1
30 29 1
78 29 1
38 29 1
39 29 1
77 33 1
74 33 0
11 33 1
23 33 1
30 33 1
78 33 1
38 33 1
39 33 1
79 115 3
80 115 1
4 115 1
5 115 1
81 115 1
7 115 1
26 115 1
49 115 1
82 115 1
36 115 1
83 115 1
76 115 1
29 115 1
84 115 1
23 115 1
31 115 1
16 115 1
85 115 1
18 115 1
1 328 3
26 328 2
48 328 3
86 328 3
74 328 3
11 328 3
51 328 3
87 328 3
88 328 0
38 328 3
1 104 3
26 104 2
48 104 3
86 104 3
74 104 3
11 104 3
51 104 3
87 104 3
88 104 0
38 104 3
1 56 0
27 56 0
48 56 1
49 56 1
50 56 1
36 56 1
89 56 3
11 56 2
31 56 1
90 56 3
1 160 0
27 160 1
48 160 1
49 160 1
50 160 1
36 160 1
89 160 1
11 160 1
31 160 1
90 160 1
1 55 1
91 55 1
6 55 1
26 55 1
11 55 1
29 55 1
13 55 1
23 55 1
47 55 1
25 55 1
1 57 1
91 57 1
6 57 1
26 57 1
11 57 1
29 57 1
13 57 1
23 57 1
47 57 1
25 57 1
1 268 1
91 268 1
6 268 1
26 268 1
11 268 1
29 268 1
13 268 1
23 268 1
47 268 1
25 268 1
1 255 1
35 255 1
52 255 1
48 255 1
49 255 1
74 255 0
11 255 1
13 255 0
23 255 1
38 255 1
1 235 0
92 235 2
11 235 1
12 235 1
93 235 1
51 235 0
13 235 0
23 235 1
94 235 1
39 235 0
1 19 3
21 19 3
26 19 3
95 19 3
49 19 2
36 19 3
44 19 2
30 19 3
55 19 2
1 270 0
21 270 1
26 270 1
48 270 1
11 270 0
28 270 0
23 270 1
30 270 1
47 270 0
96 270 0
1 265 3
21 265 3
26 265 3
48 265 3
11 265 3
28 265 3
23 265 3
30 265 3
47 265 3
96 265 3
1 206 1
26 206 1
48 206 1
50 206 1
44 206 3
73 206 1
74 206 0
51 206 0
31 206 1
46 206 1
1 239 1
26 239 1
48 239 1
50 239 1
44 239 1
73 239 1
74 239 0
51 239 1
31 239 1
46 239 1
1 311 1
26 311 1
48 311 1
50 311 1
44 311 1
73 311 1
74 311 3
51 311 1
31 311 1
46 311 1
33 153 0
1 153 1
21 153 1
48 153 3
82 153 1
36 153 0
97 153 1
11 153 1
78 153 0
25 153 1
52 313 1
26 313 2
27 313 3
49 313 1
36 313 0
74 313 0
13 313 0
23 313 1
85 313 1
38 313 1
79 102 1
52 102 1
26 102 1
27 102 1
11 102 1
98 102 1
23 102 1
99 102 1
39 102 1
19 102 1
79 16 1
52 16 1
26 16 1
27 16 1
11 16 1
98 16 1
23 16 1
99 16 1
39 16 1
19 16 1
79 103 1
52 103 1
26 103 1
27 103 1
11 103 1
98 103 1
23 103 1
99 103 1
39 103 1
19 103 1
33 60 1
1 60 1
34 60 1
6 60 1
40 60 0
22 60 0
44 60 0
11 60 2
100 60 0
38 60 1
33 111 1
1 111 1
34 111 1
6 111 1
40 111 1
22 111 1
44 111 1
11 111 1
100 111 1
38 111 1
48 45 3
50 45 3
36 45 3
74 45 3
101 45 3
30 45 3
55 45 0
42 45 3
47 45 3
25 45 3
48 24 3
50 24 3
36 24 3
74 24 3
101 24 2
30 24 3
55 24 0
42 24 3
47 24 3
25 24 3
20 148 1
43 148 1
26 148 1
86 148 1
50 148 1
13 148 1
46 148 1
100 148 1
47 148 1
25 148 1
20 137 1
43 137 1
26 137 1
86 137 1
50 137 1
13 137 1
46 137 1
100 137 1
47 137 1
25 137 1
1 84 1
102 84 1
48 84 1
82 84 1
76 84 1
11 84 1
13 84 1
19 84 1
25 84 1
1 208 1
34 208 1
22 208 1
36 208 1
11 208 1
13 208 1
37 208 1
31 208 3
45 208 0
19 208 1
1 17 1
34 17 1
22 17 1
36 17 1
11 17 1
13 17 1
37 17 1
31 17 1
45 17 1
19 17 1
103 259 1
1 259 1
104 259 1
105 259 1
106 259 1
34 259 1
61 259 1
22 259 1
36 259 1
107 259 1
108 259 1
11 259 1
109 259 1
110 259 1
13 259 1
37 259 1
31 259 1
45 259 1
18 259 1
19 259 1
21 252 1
6 252 1
43 252 1
48 252 1
49 252 1
11 252 1
55 252 0
99 252 1
38 252 1
25 252 1
21 262 1
27 262 0
48 262 1
36 262 1
53 262 0
51 262 1
37 262 1
31 262 1
90 262 3
88 262 3
34 331 3
4 331 1
111 331 3
6 331 3
52 331 3
26 331 3
61 331 2
112 331 3
83 331 3
113 331 2
114 331 3
74 331 3
11 331 3
29 331 3
14 331 1
47 331 3
18 331 1
38 331 3
39 331 3
115 331 3
116 287 1
117 287 1
1 287 1
118 287 1
72 287 1
4 287 1
5 287 1
7 287 1
86 287 1
74 287 0
119 287 1
53 287 1
12 287 1
109 287 1
120 287 1
121 287 1
122 287 1
123 287 1
0 312 1
52 312 1
124 312 1
48 312 1
50 312 1
36 312 1
73 312 1
13 312 1
23 312 1
45 312 1
0 165 1
52 165 1
124 165 1
48 165 1
50 165 1
36 165 1
73 165 1
13 165 1
23 165 1
45 165 1
0 198 1
4 198 1
125 198 0
5 198 1
52 198 1
124 198 0
61 198 0
48 198 0
126 198 1
50 198 0
36 198 1
73 198 1
119 198 1
13 198 0
127 198 0
23 198 1
14 198 1
65 198 1
45 198 0
18 198 1
75 147 1
102 147 1
52 147 1
11 147 2
12 147 1
51 147 1
128 147 1
23 147 1
85 147 1
47 147 1
33 13 1
1 13 0
27 13 1
36 13 1
44 13 1
11 13 1
93 13 1
23 13 1
30 13 1
38 13 1
1 215 3
91 215 2
52 215 2
13 215 0
30 215 2
31 215 3
45 215 3
47 215 3
38 215 2
25 215 2
1 68 1
76 68 1
11 68 1
12 68 1
93 68 1
54 68 1
37 68 1
31 68 1
38 68 1
19 68 1
79 91 0
3 91 0
49 91 0
36 91 0
98 91 0
54 91 0
23 91 0
30 91 0
31 91 3
47 91 0
79 42 0
3 42 2
49 42 0
36 42 0
98 42 0
54 42 0
23 42 2
30 42 0
47 42 0
79 44 0
3 44 0
49 44 0
36 44 0
98 44 0
54 44 0
23 44 2
30 44 0
31 44 3
47 44 0
79 93 0
3 93 0
49 93 0
36 93 0
98 93 0
54 93 0
23 93 2
30 93 0
31 93 3
47 93 0
0 135 0
1 135 0
75 135 2
20 135 2
21 135 0
48 135 3
50 135 2
11 135 3
46 135 2
25 135 2
0 94 2
1 94 0
75 94 2
20 94 2
21 94 0
48 94 3
50 94 2
11 94 3
46 94 2
25 94 2
0 260 0
1 260 0
75 260 2
20 260 2
21 260 0
48 260 3
50 260 2
11 260 3
46 260 2
25 260 2
0 140 0
1 140 0
75 140 2
20 140 2
21 140 1
48 140 3
50 140 2
11 140 2
46 140 2
25 140 2
0 76 0
1 76 0
3 76 0
91 76 2
40 76 0
26 76 0
11 76 2
93 76 0
90 76 0
39 76 0
0 199 0
1 199 0
3 199 0
91 199 3
40 199 0
26 199 2
11 199 3
93 199 0
90 199 2
39 199 0
0 58 0
1 58 0
3 58 0
91 58 2
40 58 0
26 58 2
11 58 2
93 58 0
90 58 0
39 58 0
0 50 0
1 50 0
3 50 2
91 50 3
40 50 0
26 50 3
11 50 3
93 50 0
90 50 0
39 50 0
26 214 0
22 214 0
48 214 3
49 214 0
36 214 0
11 214 0
54 214 0
55 214 2
47 214 0
25 214 2
26 297 0
22 297 1
48 297 3
49 297 1
36 297 0
11 297 1
54 297 0
55 297 0
47 297 0
25 297 1
26 18 0
22 18 0
48 18 3
49 18 1
36 18 0
11 18 1
54 18 0
55 18 2
47 18 1
25 18 3
26 117 2
22 117 2
48 117 3
49 117 1
36 117 0
11 117 1
54 117 0
55 117 0
47 117 0
25 117 3
35 49 0
21 49 0
22 49 0
48 49 3
49 49 1
82 49 0
11 49 2
12 49 1
23 49 0
47 49 1
35 88 2
21 88 1
22 88 1
48 88 3
49 88 1
82 88 1
11 88 0
12 88 1
23 88 0
47 88 1
35 159 2
21 159 1
22 159 0
48 159 3
49 159 1
82 159 0
11 159 0
12 159 1
23 159 0
47 159 0
35 173 2
21 173 1
22 173 0
48 173 3
49 173 1
82 173 0
11 173 0
12 173 1
23 173 0
47 173 0
35 267 2
21 267 1
22 267 0
48 267 3
49 267 1
82 267 0
11 267 0
12 267 1
23 267 0
47 267 0
0 158 1
1 158 0
6 158 1
11 158 1
28 158 1
12 158 1
93 158 1
23 158 0
47 158 0
39 158 0
0 167 1
1 167 0
6 167 0
11 167 0
28 167 0
12 167 0
93 167 0
23 167 1
47 167 0
39 167 0
0 172 0
1 172 0
6 172 1
11 172 1
28 172 0
12 172 1
93 172 1
23 172 1
47 172 1
39 172 0
1 146 3
72 146 2
43 146 3
52 146 3
26 146 3
48 146 1
50 146 3
11 146 3
28 146 3
129 146 3
1 274 1
72 274 1
43 274 1
52 274 1
26 274 1
48 274 1
50 274 1
11 274 1
28 274 1
129 274 1
43 210 3
95 210 3
50 210 1
36 210 3
130 210 0
51 210 0
23 210 1
47 210 3
1 136 0
131 136 1
132 136 1
34 136 1
3 136 1
91 136 1
5 136 1
6 136 1
48 136 1
49 136 1
133 136 1
57 136 1
11 136 1
109 136 1
93 136 1
14 136 1
134 136 1
135 136 1
18 136 1
25 136 1
1 317 1
34 317 1
3 317 1
91 317 1
6 317 1
48 317 1
49 317 1
11 317 1
93 317 1
25 317 1
72 0 1
3 0 1
76 0 1
74 0 0
13 0 1
42 0 1
100 0 1
47 0 1
38 0 1
25 0 1
72 278 1
3 278 1
76 278 1
74 278 0
13 278 1
100 278 1
47 278 1
38 278 1
25 278 1
52 271 1
36 271 1
11 271 1
53 271 1
93 271 0
30 271 1
31 271 1
47 271 1
25 271 1
35 105 1
6 105 1
49 105 1
136 105 1
11 105 1
12 105 1
13 105 1
47 105 1
38 105 1
35 196 1
6 196 1
49 196 1
136 196 1
11 196 1
12 196 1
13 196 1
47 196 1
38 196 1
35 79 1
6 79 1
49 79 1
136 79 1
11 79 1
12 79 1
13 79 1
47 79 1
38 79 1
1 180 0
3 180 1
56 180 1
50 180 0
44 180 0
11 180 1
137 180 1
46 180 1
38 180 1
19 180 1
1 10 0
3 10 1
56 10 1
50 10 0
44 10 0
11 10 1
137 10 1
46 10 1
38 10 1
19 10 1
1 250 1
3 250 1
56 250 1
50 250 1
44 250 0
11 250 1
137 250 1
46 250 1
38 250 1
19 250 1
91 185 1
48 185 3
49 185 1
44 185 1
90 185 1
85 185 1
47 185 1
88 185 1
38 185 1
25 185 1
91 277 3
48 277 3
49 277 3
44 277 3
90 277 3
85 277 3
47 277 3
88 277 3
38 277 3
25 277 3
91 151 3
48 151 3
44 151 3
90 151 3
85 151 3
47 151 3
88 151 1
25 151 1
1 212 1
72 212 1
21 212 1
26 212 1
82 212 1
74 212 0
53 212 1
13 212 1
46 212 1
138 212 1
33 28 1
1 28 1
35 28 1
6 28 1
7 28 1
26 28 1
11 28 1
13 28 1
38 28 1
1 36 1
20 36 1
35 36 1
48 36 1
54 36 1
30 36 1
42 36 1
96 36 1
38 36 1
39 36 1
1 70 1
20 70 1
35 70 1
48 70 1
54 70 1
30 70 1
96 70 1
38 70 1
39 70 1
72 193 1
82 193 1
36 193 0
74 193 0
139 193 1
53 193 0
23 193 1
96 193 2
38 193 0
25 193 1
1 32 1
72 32 1
91 32 1
81 32 1
27 32 1
44 32 1
30 32 1
42 32 1
96 32 0
25 32 1
34 78 1
21 78 1
27 78 1
97 78 1
11 78 1
93 78 1
13 78 1
55 78 2
38 78 1
19 78 1
1 67 2
21 67 1
91 67 1
50 67 0
76 67 0
11 67 1
31 67 1
46 67 0
47 67 1
19 67 1
4 118 1
5 118 0
52 118 3
7 118 3
49 118 3
82 118 3
140 118 3
44 118 3
76 118 3
141 118 3
11 118 3
142 118 3
13 118 3
37 118 3
143 118 2
65 118 3
38 118 3
68 118 2
144 118 3
25 118 3
34 304 1
48 304 1
82 304 1
50 304 1
11 304 1
13 304 1
30 304 1
31 304 1
38 304 1
19 304 1
131 161 1
34 161 1
145 161 1
146 161 1
48 161 1
147 161 1
82 161 1
148 161 1
141 161 1
11 161 1
13 161 0
30 161 1
31 161 1
65 161 1
149 161 1
150 161 1
38 161 1
19 161 1
6 276 3
48 276 3
49 276 0
97 276 1
11 276 1
53 276 3
54 276 3
46 276 2
42 276 0
19 276 1
49 257 1
36 257 0
74 257 0
11 257 1
98 257 0
29 257 2
23 257 1
31 257 1
38 257 1
49 310 1
36 310 1
74 310 1
11 310 1
98 310 1
29 310 1
23 310 1
31 310 1
42 310 1
38 310 1
72 176 1
3 176 0
21 176 1
82 176 1
151 176 1
28 176 1
12 176 1
38 176 1
39 176 1
19 176 1
132 254 1
102 254 1
21 254 1
48 254 1
74 254 0
53 254 1
51 254 1
13 254 1
90 254 1
132 139 1
102 139 3
21 139 2
48 139 1
74 139 2
53 139 3
12 139 1
51 139 2
13 139 2
90 139 2
1 245 3
21 245 0
91 245 2
7 245 1
27 245 2
44 245 3
11 245 1
98 245 0
23 245 1
1 189 0
79 189 0
21 189 0
91 189 1
7 189 0
27 189 0
44 189 2
11 189 2
98 189 0
23 189 1
102 233 0
52 233 1
7 233 2
48 233 3
82 233 1
36 233 1
97 233 0
12 233 1
23 233 1
30 233 1
102 242 0
52 242 1
7 242 2
48 242 3
82 242 1
36 242 1
97 242 0
12 242 1
23 242 1
30 242 1
102 301 1
52 301 1
7 301 0
48 301 3
82 301 0
36 301 0
97 301 1
12 301 1
23 301 1
30 301 0
34 315 2
27 315 2
48 315 3
50 315 2
44 315 3
74 315 3
54 315 2
87 315 2
152 315 3
25 315 0
34 54 0
27 54 2
48 54 3
50 54 2
44 54 3
74 54 3
54 54 2
87 54 2
152 54 3
25 54 0
34 82 0
27 82 2
48 82 3
50 82 2
44 82 3
74 82 3
54 82 2
87 82 2
152 82 3
25 82 1
21 98 0
48 98 3
130 98 2
74 98 3
51 98 0
13 98 2
31 98 3
85 98 3
38 98 2
39 98 2
21 272 0
48 272 3
130 272 2
74 272 3
51 272 0
13 272 3
31 272 3
85 272 3
38 272 2
39 272 2
21 20 0
48 20 3
130 20 2
74 20 3
51 20 0
13 20 3
31 20 3
85 20 3
38 20 2
39 20 2
21 218 0
48 218 3
130 218 2
74 218 0
51 218 0
13 218 2
31 218 1
85 218 2
38 218 2
39 218 2
21 81 0
48 81 3
130 81 2
74 81 3
51 81 0
13 81 2
31 81 3
85 81 3
38 81 2
39 81 2
1 65 0
40 65 0
50 65 1
36 65 0
10 65 2
74 65 3
11 65 2
13 65 0
38 65 2
25 65 3
1 149 0
40 149 0
50 149 1
36 149 0
10 149 2
74 149 3
11 149 3
13 149 0
38 149 2
25 149 2
1 266 0
40 266 0
50 266 1
36 266 0
10 266 0
74 266 3
11 266 3
13 266 0
38 266 2
25 266 0
1 61 0
40 61 0
50 61 1
36 61 0
10 61 0
74 61 3
11 61 1
13 61 0
38 61 0
25 61 1
1 5 0
91 5 0
52 5 1
48 5 3
50 5 0
11 5 0
12 5 1
55 5 0
37 5 0
25 5 1
1 329 0
91 329 0
52 329 0
48 329 3
50 329 0
11 329 3
12 329 1
55 329 2
37 329 0
25 329 1
1 25 0
91 25 1
52 25 1
48 25 3
50 25 1
11 25 0
12 25 1
55 25 1
37 25 0
25 25 1
1 101 0
91 101 1
52 101 1
48 101 3
50 101 1
12 101 1
55 101 0
37 101 0
25 101 1
1 7 0
26 7 1
27 7 0
48 7 3
82 7 0
50 7 1
51 7 0
13 7 2
23 7 1
25 7 1
1 221 0
26 221 1
27 221 0
48 221 3
82 221 1
50 221 1
51 221 0
13 221 2
23 221 1
25 221 1
1 286 0
26 286 1
27 286 0
48 286 3
82 286 1
50 286 1
51 286 0
13 286 2
23 286 1
25 286 1
34 47 0
56 47 0
20 47 2
50 47 1
44 47 1
11 47 1
53 47 0
23 47 1
31 47 1
45 47 0
34 21 0
56 21 0
20 21 2
50 21 0
44 21 1
11 21 0
53 21 0
23 21 1
31 21 2
45 21 0
0 213 1
81 213 1
43 213 1
26 213 1
27 213 1
49 213 1
12 213 1
101 213 1
31 213 1
38 213 1
0 228 3
81 228 3
43 228 3
26 228 3
27 228 2
49 228 3
12 228 3
101 228 3
31 228 3
38 228 3
27 330 1
48 330 3
49 330 1
36 330 0
44 330 1
11 330 1
30 330 1
31 330 1
47 330 1
25 330 1
1 162 1
21 162 1
40 162 1
11 162 1
13 162 1
30 162 1
129 162 0
153 162 1
38 162 1
19 162 1
1 52 1
21 52 1
50 52 1
74 52 0
93 52 1
13 52 1
55 52 0
42 52 1
38 52 1
19 52 1
1 269 3
72 269 2
26 269 3
49 269 3
154 269 3
74 269 0
29 269 3
155 269 3
30 269 3
156 269 3
1 177 1
72 177 1
26 177 1
49 177 1
154 177 1
74 177 0
29 177 1
155 177 1
30 177 1
156 177 1
91 46 1
27 46 1
95 46 1
36 46 1
74 46 1
11 46 1
29 46 1
23 46 1
30 46 1
85 46 1
91 110 1
27 110 1
95 110 1
36 110 1
74 110 1
11 110 1
29 110 1
23 110 1
30 110 1
85 110 1
1 211 1
102 211 1
20 211 1
52 211 1
82 211 1
76 211 1
74 211 1
12 211 1
13 211 1
25 211 1
1 283 1
102 283 1
20 283 1
52 283 1
82 283 1
76 283 1
74 283 1
12 283 1
13 283 1
25 283 1
21 31 1
26 31 1
27 31 1
48 31 1
36 31 1
44 31 1
11 31 1
30 31 1
47 31 1
96 31 1
21 166 1
26 166 1
27 166 1
48 166 1
36 166 1
44 166 1
11 166 1
30 166 1
47 166 1
96 166 1
3 238 1
21 238 1
48 238 1
49 238 1
130 238 1
28 238 1
55 238 0
45 238 1
38 238 1
25 238 0
1 251 1
4 251 1
52 251 1
61 251 1
22 251 1
86 251 1
50 251 1
148 251 1
11 251 1
51 251 1
84 251 1
14 251 1
16 251 1
94 251 1
153 251 1
157 251 1
60 251 1
18 251 1
144 251 1
158 251 1
0 145 1
4 145 1
111 145 1
5 145 1
27 145 0
159 145 0
48 145 1
49 145 1
50 145 0
36 145 1
76 145 1
11 145 1
84 145 1
30 145 1
160 145 0
65 145 1
16 145 1
150 145 1
47 145 1
18 145 1
3 69 0
26 69 1
48 69 3
11 69 2
93 69 0
30 69 0
90 69 1
47 69 0
96 69 0
1 279 1
3 279 1
49 279 1
11 279 1
12 279 1
55 279 0
31 279 1
99 279 1
38 279 1
39 279 1
1 174 1
3 174 1
49 174 1
11 174 1
12 174 1
55 174 0
31 174 1
99 174 1
38 174 1
39 174 1
27 132 0
50 132 1
36 132 1
12 132 1
29 132 1
161 132 1
51 132 1
96 132 0
39 132 1
25 132 1
1 63 1
91 63 1
6 63 1
136 63 1
11 63 1
12 63 1
31 63 1
60 63 1
47 63 1
38 63 1
1 27 1
91 27 1
6 27 1
136 27 1
11 27 1
12 27 1
31 27 1
60 27 1
47 27 1
38 27 1
0 15 1
162 15 0
72 15 1
146 15 0
56 15 1
21 15 1
5 15 1
26 15 1
49 15 1
36 15 0
63 15 1
11 15 0
55 15 0
24 15 0
65 15 1
157 15 0
163 15 1
164 15 2
18 15 1
19 15 1
0 99 1
56 99 1
21 99 0
26 99 1
36 99 1
11 99 1
55 99 2
24 99 2
19 99 1
0 106 0
72 106 1
4 106 1
56 106 1
21 106 0
26 106 1
36 106 0
11 106 1
55 106 2
24 106 0
19 106 0
72 234 1
48 234 1
82 234 1
36 234 1
151 234 1
53 234 1
13 234 1
30 234 1
85 234 1
25 234 1
75 133 3
27 133 3
50 133 1
11 133 3
28 133 3
12 133 3
30 133 2
165 133 3
42 133 0
25 133 1
75 295 1
27 295 1
50 295 1
11 295 1
28 295 1
12 295 1
30 295 1
165 295 1
25 295 1
75 112 1
27 112 1
50 112 1
11 112 1
28 112 1
12 112 1
30 112 1
25 112 1
21 288 1
49 288 1
50 288 1
74 288 0
11 288 1
98 288 1
23 288 1
30 288 1
166 288 1
38 288 1
21 86 3
49 86 3
50 86 3
74 86 3
11 86 3
98 86 3
23 86 3
30 86 3
166 86 3
38 86 3
21 225 1
49 225 1
50 225 1
74 225 0
11 225 1
98 225 1
23 225 1
30 225 1
166 225 1
38 225 1
167 116 1
1 116 1
21 116 1
7 116 1
36 116 1
11 116 1
93 116 1
23 116 1
30 116 1
122 116 1
167 226 2
1 226 2
21 226 0
7 226 0
36 226 2
93 226 2
23 226 1
30 226 0
122 226 0
48 322 1
36 322 1
44 322 1
139 322 1
98 322 1
13 322 1
30 322 1
55 322 2
99 322 1
25 322 1
168 157 1
169 157 1
4 157 1
5 157 1
61 157 1
48 157 1
36 157 1
170 157 0
44 157 1
139 157 1
98 157 1
13 157 1
30 157 1
55 157 3
171 157 1
172 157 1
18 157 1
99 157 1
173 157 1
25 157 1
72 80 1
91 80 1
52 80 1
44 80 1
12 80 1
137 80 1
47 80 1
88 80 1
25 80 1
72 142 0
91 142 2
52 142 2
44 142 2
12 142 3
137 142 2
42 142 2
47 142 3
88 142 0
25 142 2
1 281 1
22 281 1
10 281 1
11 281 1
93 281 1
13 281 1
37 281 1
153 281 1
174 281 0
38 281 1
1 41 1
22 41 1
10 41 1
11 41 1
93 41 1
13 41 1
37 41 1
153 41 1
174 41 0
38 41 1
33 327 1
1 327 1
3 327 1
56 327 1
27 327 1
48 327 1
73 327 1
13 327 1
55 327 0
25 327 1
7 244 3
48 244 1
82 244 3
53 244 3
55 244 2
90 244 3
87 244 3
152 244 3
122 244 2
38 244 3
7 200 1
48 200 1
82 200 1
53 200 2
55 200 0
90 200 3
87 200 0
152 200 1
122 200 1
38 200 0
7 182 1
48 182 1
82 182 1
53 182 0
55 182 2
90 182 3
87 182 0
152 182 1
122 182 1
38 182 1
131 195 1
34 195 1
4 195 1
175 195 1
27 195 1
49 195 1
50 195 1
36 195 1
176 195 1
119 195 1
11 195 1
109 195 1
177 195 1
13 195 0
30 195 1
15 195 1
65 195 0
178 195 1
19 195 1
34 300 1
7 300 1
11 300 1
90 300 1
19 300 1
1 230 0
91 230 1
6 230 1
22 230 1
48 230 1
95 230 0
49 230 1
74 230 0
11 230 1
54 230 0
34 74 1
43 74 1
27 74 1
48 74 0
97 74 0
11 74 1
41 74 1
13 74 1
31 74 1
85 74 1
34 296 3
43 296 3
27 296 3
48 296 2
97 296 3
11 296 2
41 296 2
13 296 3
31 296 1
1 284 3
40 284 2
48 284 3
36 284 3
11 284 3
13 284 2
30 284 3
55 284 2
47 284 3
38 284 3
1 253 0
91 253 1
48 253 1
82 253 1
36 253 1
11 253 1
101 253 1
100 253 0
96 253 0
1 209 0
4 209 1
91 209 0
48 209 1
82 209 1
36 209 1
11 209 1
101 209 1
100 209 0
96 209 0
1 129 0
91 129 0
48 129 1
82 129 1
36 129 0
11 129 2
101 129 1
100 129 1
96 129 2
1 256 3
91 256 3
48 256 3
82 256 3
36 256 3
11 256 3
101 256 3
42 256 3
100 256 3
96 256 3
1 92 1
131 92 1
34 92 1
4 92 1
5 92 1
179 92 3
61 92 1
49 92 1
180 92 1
114 92 1
11 92 1
181 92 1
12 92 1
93 92 1
46 92 1
18 92 1
38 92 1
19 92 1
1 320 3
34 320 3
169 320 0
4 320 1
5 320 1
49 320 3
11 320 3
12 320 3
93 320 3
46 320 3
42 320 3
38 320 3
19 320 2
1 201 0
82 201 1
50 201 1
36 201 1
76 201 1
11 201 1
98 201 1
12 201 1
30 201 1
38 201 1
1 292 1
3 292 1
21 292 1
40 292 0
48 292 1
82 292 1
11 292 0
54 292 1
23 292 1
46 292 0
52 294 1
95 294 1
50 294 1
36 294 1
74 294 1
11 294 1
55 294 0
31 294 1
129 294 1
182 294 1
1 236 1
6 236 1
48 236 1
74 236 0
11 236 1
12 236 1
54 236 1
47 236 3
38 236 1
25 236 1
33 83 1
1 83 1
34 83 1
48 83 1
11 83 1
53 83 1
12 83 1
94 83 1
38 83 1
25 83 1
33 14 2
1 14 0
34 14 0
48 14 0
11 14 3
53 14 3
12 14 3
94 14 0
38 14 2
25 14 2
33 119 1
1 119 1
34 119 1
48 119 1
11 119 1
53 119 1
12 119 1
94 119 1
38 119 1
25 119 1
1 319 1
72 319 1
34 319 1
7 319 1
11 319 1
28 319 1
58 319 1
37 319 1
38 319 1
1 169 1
75 169 1
76 169 1
28 169 0
98 169 1
12 169 1
93 169 1
30 169 1
55 169 2
38 169 1
1 314 1
75 314 1
76 314 1
28 314 1
98 314 1
12 314 1
93 314 1
30 314 1
55 314 0
38 314 1
0 152 1
27 152 1
76 152 1
74 152 3
12 152 1
51 152 1
137 152 1
13 152 1
23 152 1
30 152 1
1 124 1
34 124 1
175 124 1
5 124 1
52 124 1
26 124 1
49 124 1
183 124 1
50 124 1
141 124 1
11 124 1
184 124 1
109 124 1
185 124 1
186 124 1
30 124 1
65 124 1
121 124 1
187 124 1
47 124 1
19 124 1
1 307 1
34 307 1
52 307 1
26 307 1
49 307 1
50 307 1
11 307 1
30 307 1
47 307 1
19 307 1
33 171 1
1 171 1
20 171 0
35 171 2
11 171 1
53 171 2
12 171 1
13 171 1
96 171 1
38 171 1
75 155 1
48 155 1
50 155 1
36 155 1
44 155 1
11 155 1
23 155 1
30 155 1
38 155 1
21 188 1
27 188 0
49 188 1
36 188 1
13 188 1
30 188 1
55 188 0
31 188 1
182 188 1
25 188 1
34 241 1
26 241 1
48 241 3
49 241 1
74 241 3
41 241 0
23 241 1
30 241 1
31 241 3
1 95 0
21 95 1
43 95 1
49 95 1
50 95 1
36 95 0
46 95 1
100 95 1
96 95 0
25 95 1
1 114 0
21 114 1
43 114 0
49 114 1
50 114 1
36 114 1
46 114 1
100 114 0
96 114 0
25 114 1
1 237 0
79 237 0
188 237 1
21 237 1
5 237 1
43 237 0
61 237 1
49 237 1
50 237 1
36 237 1
14 237 1
160 237 0
189 237 1
16 237 1
46 237 1
100 237 1
96 237 0
18 237 0
68 237 1
25 237 1
1 190 3
20 190 3
35 190 3
81 190 3
36 190 3
11 190 3
139 190 3
13 190 3
60 190 3
164 190 3
0 326 1
21 326 1
52 326 1
49 326 1
36 326 1
74 326 1
11 326 1
12 326 1
29 326 1
138 326 1
33 87 0
1 87 1
6 87 0
40 87 0
82 87 0
11 87 0
13 87 0
42 87 1
47 87 0
25 87 0
33 66 1
1 66 1
6 66 1
40 66 1
82 66 1
11 66 1
13 66 1
42 66 1
47 66 1
25 66 1
33 130 1
1 130 1
6 130 1
40 130 1
82 130 1
11 130 1
13 130 1
42 130 1
47 130 1
25 130 1
190 285 1
50 285 1
73 285 1
11 285 1
23 285 1
55 285 3
90 285 0
182 285 1
19 285 1
25 285 1
48 34 1
49 34 1
36 34 1
76 34 1
11 34 1
93 34 1
54 34 1
23 34 1
55 34 0
25 34 1
48 48 1
49 48 1
36 48 1
76 48 1
11 48 1
93 48 1
54 48 1
23 48 1
55 48 0
25 48 1
48 77 1
49 77 1
36 77 1
76 77 1
11 77 1
93 77 1
54 77 1
23 77 1
55 77 0
25 77 1
1 325 1
44 325 1
10 325 1
11 325 1
53 325 1
98 325 1
12 325 1
23 325 1
38 325 1
19 325 1
1 191 1
82 191 1
44 191 1
97 191 1
11 191 1
101 191 1
37 191 1
31 191 1
96 191 1
25 191 1
1 26 1
82 26 1
44 26 1
97 26 1
11 26 1
101 26 1
37 26 1
31 26 1
96 26 1
25 26 1
1 156 0
3 156 0
6 156 1
11 156 1
51 156 0
13 156 1
37 156 1
60 156 1
47 156 0
38 156 1
1 128 1
3 128 1
6 128 1
11 128 1
51 128 1
13 128 1
37 128 1
60 128 1
47 128 1
38 128 1
27 202 1
48 202 1
50 202 1
44 202 1
74 202 1
11 202 1
139 202 1
87 202 1
47 202 1
25 202 1
43 216 1
52 216 1
49 216 1
82 216 1
74 216 0
11 216 1
174 216 1
47 216 1
25 216 1
43 280 1
52 280 1
49 280 1
82 280 1
74 280 1
11 280 1
13 280 1
174 280 1
47 280 1
25 280 1
1 194 0
4 194 1
5 194 1
43 194 0
82 194 0
74 194 0
119 194 1
29 194 0
191 194 2
23 194 1
14 194 1
15 194 0
121 194 1
192 194 1
123 194 1
96 194 0
18 194 1
19 194 1
0 290 1
26 290 1
76 290 1
28 290 1
51 290 1
23 290 1
30 290 1
31 290 1
87 290 1
25 290 1
1 96 1
72 96 1
48 96 1
49 96 1
11 96 1
53 96 1
13 96 1
55 96 0
88 96 1
25 96 1
1 62 1
72 62 0
48 62 1
49 62 1
11 62 1
53 62 1
13 62 2
55 62 2
88 62 1
25 62 1
1 324 1
72 324 1
48 324 1
49 324 1
11 324 1
53 324 1
13 324 1
55 324 0
88 324 1
25 324 1
20 144 1
48 144 3
50 144 1
11 144 1
12 144 1
23 144 1
46 144 1
38 144 1
39 144 1
25 144 1
43 38 1
27 38 1
48 38 1
76 38 1
11 38 1
41 38 1
23 38 1
152 38 1
96 38 0
25 38 3
21 123 1
26 123 1
36 123 1
44 123 1
11 123 1
13 123 1
30 123 1
32 123 1
85 123 1
25 123 1
21 302 1
26 302 1
36 302 1
44 302 0
11 302 1
13 302 1
30 302 1
32 302 1
85 302 1
25 302 1
21 309 1
26 309 1
36 309 1
44 309 1
11 309 1
13 309 0
30 309 1
32 309 1
85 309 0
25 309 1
0 318 1
26 318 0
48 318 1
36 318 1
11 318 1
28 318 0
12 318 1
23 318 1
42 318 3
39 318 1
33 181 1
1 181 0
52 181 1
48 181 1
44 181 1
193 181 1
13 181 1
23 181 1
47 181 1
33 222 1
1 222 1
52 222 1
48 222 1
44 222 1
193 222 1
51 222 1
13 222 1
23 222 1
47 222 1
33 207 2
1 207 2
52 207 1
48 207 1
44 207 3
193 207 2
51 207 2
13 207 0
23 207 1
47 207 0
1 246 1
91 246 1
81 246 1
43 246 0
48 246 1
86 246 1
36 246 1
28 246 1
139 246 1
47 246 1
131 2 0
194 2 2
169 2 0
4 2 1
195 2 2
91 2 1
52 2 0
48 2 1
82 2 0
50 2 2
13 2 0
23 2 2
30 2 0
31 2 2
14 2 1
65 2 1
157 2 0
150 2 1
172 2 2
39 2 0
91 186 1
52 186 1
48 186 1
82 186 1
50 186 1
13 186 1
23 186 1
30 186 1
31 186 1
39 186 1
91 163 1
52 163 1
48 163 1
82 163 1
50 163 1
23 163 1
30 163 1
31 163 1
39 163 0
33 126 0
196 126 0
6 126 3
7 126 1
48 126 3
55 126 0
197 126 0
153 126 2
198 126 0
38 126 2
33 282 1
196 282 1
6 282 1
7 282 1
48 282 1
55 282 0
197 282 1
153 282 1
198 282 1
38 282 1
72 138 1
48 138 1
49 138 1
36 138 1
28 138 1
69 138 1
23 138 1
46 138 1
25 138 3
1 37 1
6 37 0
26 37 1
48 37 1
11 37 1
13 37 1
23 37 1
153 37 1
38 37 0
39 37 0
1 154 1
6 154 1
40 154 1
7 154 1
26 154 1
27 154 1
11 154 1
93 154 1
13 154 1
55 154 0
167 332 1
1 332 1
34 332 1
40 332 1
89 332 1
11 332 1
12 332 1
153 332 1
38 332 1
25 332 1
167 121 0
1 121 0
34 121 1
40 121 1
89 121 0
11 121 1
12 121 1
153 121 0
38 121 1
25 121 1
27 231 1
22 231 1
48 231 1
82 231 1
50 231 1
130 231 1
41 231 1
51 231 1
55 231 0
31 231 3
1 303 3
79 303 2
56 303 3
27 303 0
49 303 0
89 303 3
11 303 3
93 303 0
38 303 2
25 303 3
1 258 3
79 258 0
56 258 3
27 258 2
49 258 2
89 258 3
11 258 3
93 258 0
38 258 3
25 258 3
1 143 3
79 143 3
56 143 3
27 143 2
49 143 0
89 143 3
11 143 3
93 143 2
38 143 3
25 143 3
21 109 3
52 109 3
26 109 1
48 109 3
82 109 3
74 109 0
11 109 3
12 109 3
51 109 3
38 109 3
21 323 1
52 323 1
26 323 1
48 323 3
82 323 1
74 323 0
11 323 1
12 323 1
51 323 1
38 323 1
21 125 1
52 125 1
48 125 3
82 125 1
74 125 0
11 125 1
12 125 1
51 125 1
38 125 1
21 43 1
52 43 1
26 43 1
48 43 3
82 43 1
74 43 0
11 43 1
12 43 1
51 43 1
38 43 1
1 264 3
43 264 3
52 264 3
27 264 3
48 264 3
28 264 3
13 264 3
30 264 3
47 264 3
25 264 3
1 261 3
43 261 3
52 261 3
27 261 3
48 261 3
28 261 3
13 261 3
30 261 3
47 261 3
25 261 3
1 141 1
34 141 1
168 141 1
169 141 1
4 141 1
199 141 1
35 141 1
21 141 1
5 141 1
61 141 1
27 141 0
170 141 1
98 141 1
55 141 2
171 141 1
153 141 1
172 141 1
18 141 1
38 141 1
173 141 0
1 39 1
34 39 1
199 39 1
35 39 1
21 39 1
27 39 0
98 39 1
55 39 2
153 39 1
38 39 1
1 1 1
34 1 1
199 1 1
35 1 1
21 1 1
27 1 0
98 1 1
55 1 2
153 1 1
38 1 1
1 299 3
34 299 2
199 299 3
35 299 2
21 299 3
27 299 2
98 299 2
55 299 2
153 299 2
38 299 2
0 89 0
1 89 3
3 89 3
6 89 3
7 89 3
10 89 3
11 89 3
12 89 3
13 89 2
19 89 2
200 30 1
169 30 1
5 30 1
201 30 1
61 30 1
126 30 1
9 30 1
63 30 1
202 30 1
99 30 1
4 179 1
61 179 1
107 179 1
109 179 1
203 179 1
204 179 1
18 179 2
68 179 1
205 179 1
206 179 1
207 120 3
200 120 3
4 120 1
175 120 3
208 120 3
5 120 1
61 120 3
148 120 3
109 120 3
209 120 3
210 306 1
104 306 1
211 306 1
200 306 1
4 306 1
5 306 1
7 306 1
212 306 1
65 306 1
18 306 1
168 308 1
169 308 3
4 308 1
5 308 1
61 308 0
170 308 3
171 308 0
172 308 1
18 308 2
173 308 2
213 178 2
200 178 1
4 178 1
133 178 1
214 178 2
119 178 1
215 178 3
216 178 2
65 178 0
18 178 1
4 23 1
105 232 0
118 232 0
200 232 2
4 232 1
217 232 0
21 232 1
5 232 1
5 232 1
218 232 0
219 232 0
148 232 0
220 232 0
119 232 1
14 232 1
14 232 1
221 232 0
16 232 1
192 232 0
18 232 2
18 232 1
222 249 1
4 249 1
223 249 0
5 249 1
6 249 0
65 249 0
121 249 1
172 249 0
68 249 1
115 249 1
4 197 1
5 197 1
224 197 0
225 197 3
141 197 0
57 197 1
14 197 1
16 197 1
226 197 2
68 197 1
5 75 1
7 75 1
227 75 1
228 75 1
141 75 1
57 75 1
229 75 1
14 75 1
150 75 1
200 240 2
169 240 0
5 240 0
201 240 2
61 240 0
126 240 0
9 240 2
63 240 0
202 240 2
99 240 2
4 273 1
5 273 1
95 273 1
126 273 1
230 273 0
231 273 1
16 273 1
232 273 0
164 273 0
18 273 1
175 217 1
5 217 1
61 217 1
64 217 0
233 217 1
84 217 1
65 217 1
226 217 1
18 217 1
68 217 1
234 298 1
200 298 1
4 298 1
5 298 1
5 298 1
61 298 1
227 298 1
126 298 1
235 298 1
57 298 1
98 298 1
236 298 1
237 298 1
84 298 1
229 298 1
16 298 1
238 298 1
239 298 1
18 298 1
240 170 1
240 187 3
4 6 1
125 6 2
5 6 1
61 6 0
126 6 1
119 6 1
127 6 1
14 6 1
65 6 1
18 6 1
4 3 1
241 3 0
5 3 1
176 3 1
109 3 1
14 3 1
231 3 0
242 3 1
121 3 1
68 3 1
243 100 1
200 100 1
4 100 1
175 100 1
5 100 1
244 100 1
245 100 1
14 100 1
65 100 1
172 100 0
246 35 1
4 35 1
175 35 1
247 35 1
5 35 1
61 35 1
185 35 1
248 35 0
68 35 1
103 11 1
5 11 1
249 11 1
225 11 1
14 11 1
250 11 0
65 11 1
251 11 0
18 11 1
68 11 1
131 205 1
208 205 1
5 205 1
252 205 1
233 205 1
65 205 1
16 205 1
135 205 1
18 205 1
68 205 1
5 316 1
176 316 1
119 316 1
57 316 1
109 316 1
84 316 1
253 316 1
254 316 1
18 316 1
68 316 1
240 247 3
175 107 0
5 107 1
5 107 1
61 107 0
114 107 1
64 107 0
255 107 0
233 107 1
233 107 1
109 107 1
84 107 1
14 107 1
65 107 0
65 107 1
16 107 1
226 107 1
18 107 2
256 107 1
68 107 1
105 203 1
4 203 1
5 203 1
7 203 1
225 203 1
257 203 1
121 203 1
123 203 1
258 203 1
144 203 1
4 175 1
223 175 2
5 175 1
6 175 1
65 175 1
121 175 1
172 175 1
115 175 1
105 97 1
259 97 1
5 97 1
49 97 1
114 97 1
257 97 1
123 97 1
103 224 1
4 224 1
5 224 1
109 224 1
212 224 0
185 224 0
14 224 1
260 224 0
121 224 1
172 224 1
4 8 1
5 8 1
240 192 2
131 293 1
4 293 1
91 293 1
5 293 1
61 293 1
63 293 1
15 293 1
121 293 1
18 293 1
158 293 1
4 291 1
4 204 1
5 204 1
108 204 1
257 204 1
177 204 1
14 204 1
15 204 1
261 204 1
172 204 1
18 204 1
131 51 1
111 51 1
175 51 1
5 51 1
148 51 1
14 51 1
171 51 1
135 51 1
262 51 1
256 51 1
240 40 0
240 289 3
240 122 0
240 53 0
240 131 1
240 227 2
240 113 3
240 219 0
240 22 0
240 64 1
240 223 2
4 12 1
263 9 0
264 9 0
5 9 0
265 9 1
61 9 1
266 9 1
14 9 1
267 9 0
121 9 1
256 9 0
5 183 1
7 183 1
9 183 1
133 183 1
57 183 1
268 183 1
84 183 1
16 183 1
149 183 1
172 183 1
