85 1
248 3
305 1
150 3
184 3
72 3
4 1
73 1
59 1
220 3
164 1
275 3
90 1
263 1
71 1
229 1
321 1
108 1
243 0
134 1
168 1
127 3
29 1
33 1
115 1
328 3
104 3
56 0
160 1
55 1
57 1
268 1
255 1
235 1
19 3
270 0
265 3
206 1
239 1
311 1
153 1
313 0
102 1
16 1
103 1
60 1
111 1
45 3
24 3
148 1
137 1
84 1
208 1
17 1
259 0
252 1
262 0
331 3
287 1
312 1
165 1
198 0
147 1
13 1
215 2
68 1
91 2
42 0
44 0
93 2
135 2
94 2
260 0
140 0
76 2
199 3
58 0
50 2
214 0
297 0
18 0
117 2
49 0
88 0
159 2
173 2
267 0
158 0
167 0
172 1
146 3
274 1
210 3
136 1
317 1
0 1
278 1
271 1
105 1
196 1
79 1
180 1
10 1
250 1
185 1
277 3
151 2
212 1
28 1
36 1
70 1
193 0
32 0
78 1
67 0
118 3
304 0
161 1
276 3
257 2
310 1
176 1
254 1
139 2
245 1
189 0
233 0
242 0
301 2
315 2
54 0
82 2
98 2
272 2
20 0
218 1
81 2
65 1
149 2
266 2
61 1
5 2
329 2
25 2
101 2
7 0
221 1
286 0
47 2
21 0
213 1
228 3
330 1
162 1
52 1
269 3
177 1
46 1
110 1
211 1
283 1
31 1
166 1
238 1
251 1
145 0
69 2
279 1
174 1
132 1
63 1
27 1
15 0
99 2
106 0
234 0
133 3
295 1
112 1
288 1
86 3
225 1
116 1
226 0
322 1
157 1
80 1
142 2
281 1
41 1
327 1
244 3
200 0
182 0
195 1
300 1
230 1
74 1
296 3
284 3
253 1
209 1
129 1
256 3
92 1
320 3
201 1
292 1
294 1
236 1
83 1
14 3
119 1
319 1
169 1
314 1
152 1
124 1
307 1
171 1
155 1
188 2
241 1
95 1
114 0
237 1
190 3
326 1
87 0
66 0
130 1
285 1
34 1
48 1
77 1
325 1
191 1
26 1
156 0
128 1
202 1
216 0
280 1
194 0
290 1
96 1
62 1
324 1
144 1
38 1
123 1
302 1
309 1
318 1
181 1
222 1
207 3
246 1
2 3
186 1
163 1
126 3
282 1
138 1
37 0
154 1
332 1
121 0
231 1
303 3
258 3
143 3
109 3
323 1
125 1
43 1
264 3
261 3
141 1
39 1
1 1
299 3
89 3
30 0
179 0
120 3
306 1
308 2
178 2
23 0
232 1
249 0
197 3
75 1
240 2
273 2
217 1
298 0
170 1
187 3
6 1
3 1
100 1
35 1
11 1
205 1
316 1
247 3
107 0
203 0
175 1
97 1
224 0
8 0
192 2
293 1
291 1
204 1
51 1
40 0
289 3
122 0
53 0
131 1
227 2
113 3
219 0
22 0
64 1
223 3
12 1
9 1
183 1
