0 2
1 0
2 4
3 2
4 2
5 5
6 3
7 5
8 1
9 1
10 5
11 2
12 5
13 2
14 2
15 1
16 3
17 5
18 3
19 1
20 4
21 4
22 4
23 2
24 4
25 5
26 3
27 4
28 4
29 5
30 4
31 3
32 0
33 1
34 4
35 1
36 4
37 4
38 4
39 5
40 2
41 5
42 3
43 2
44 3
45 4
46 2
47 2
48 5
49 1
50 2
51 5
52 0
53 2
54 3
55 1
56 0
57 2
58 4
59 5
60 4
61 4
62 2
63 3
64 2
65 4
66 4
67 5
68 0
69 5
70 0
71 5
72 4
73 3
74 0
75 2
76 5
77 3
78 1
79 4
80 0
81 2
82 0
83 2
84 2
85 4
86 2
87 3
88 0
89 4
90 0
91 1
92 0
93 3
94 1
95 1
96 3
97 2
98 5
99 2
100 2
101 5
102 2
103 5
104 5
105 4
106 1
107 0
108 2
109 0
110 1
111 2
112 4
113 5
114 1
115 0
116 5
117 0
118 4
119 2
120 5
121 2
122 2
123 4
124 1
125 0
126 1
127 0
128 0
129 2
130 3
131 1
132 4
133 3
134 0
135 4
136 3
137 4
138 4
139 3
140 4
141 2
142 0
143 1
144 2
145 3
146 0
147 4
148 5
149 4
150 4
151 0
152 2
153 1
154 0
155 5
156 2
157 2
158 3
159 2
160 0
161 5
162 2
163 0
164 1
165 2
166 3
167 2
168 4
169 2
170 0
171 3
172 4
173 4
174 4
175 3
176 4
177 0
178 0
179 3
180 5
181 4
182 4
183 2
184 2
185 1
186 4
187 4
188 3
189 3
190 0
191 3
192 4
193 5
194 2
195 3
196 3
197 1
198 5
199 2
200 1
201 0
202 1
203 0
204 4
205 2
206 5
207 5
208 0
209 2
210 0
211 1
212 5
213 2
214 1
215 3
216 5
217 2
218 4
219 4
220 4
221 4
222 0
223 1
224 3
225 2
226 3
227 0
228 4
229 1
230 3
231 2
232 5
233 3
234 4
235 0
236 2
237 5
238 5
239 2
240 3
241 4
242 0
243 2
244 2
245 3
246 1
247 4
248 1
249 5
250 5
251 0
252 1
253 3
254 5
255 0
256 3
257 4
258 4
259 5
260 3
261 3
262 0
263 3
264 2
265 3
266 3
267 2
268 2
269 4
270 0
271 4
272 0
273 5
274 5
275 2
276 5
277 2
278 0
279 4
280 1
281 1
282 3
283 1
284 4
285 3
286 3
287 4
288 4
289 3
290 5
291 2
292 1
293 5
294 2
295 4
296 4
297 2
298 2
299 4
300 4
301 3
302 1
303 4
304 4
305 1
306 4
307 4
308 4
309 3
310 3
311 4
312 0
313 5
314 3
315 3
316 2
317 0
318 3
319 1
320 1
321 2
322 5
323 3
324 3
325 0
326 0
327 1
328 5
329 2
330 5
331 2
332 4
333 3
334 2
335 2
336 4
337 1
338 3
339 2
340 0
341 2
342 2
343 4
344 4
345 0
346 2
347 1
348 3
349 4
350 3
351 1
352 2
353 2
354 0
355 4
356 0
357 4
358 5
359 4
360 2
361 4
362 0
363 3
364 2
365 5
366 2
367 5
368 1
369 3
370 3
371 0
372 4
373 4
374 1
375 0
376 2
377 0
378 1
379 2
380 3
381 3
382 4
383 1
384 3
385 0
386 0
387 3
388 4
389 4
390 1
391 1
392 2
393 3
394 0
395 2
396 0
397 4
398 5
399 1
400 1
401 1
402 5
403 5
404 2
405 3
406 1
407 3
408 2
409 0
410 5
411 0
412 3
413 4
414 2
415 5
416 4
417 0
418 4
419 3
420 2
421 3
422 1
423 5
424 0
425 4
426 3
427 4
428 4
429 1
430 4
431 1
432 5
433 0
434 1
435 4
436 4
437 2
438 3
439 0
440 1
441 4
442 1
443 5
444 1
445 5
446 2
447 2
448 3
449 1
450 0
451 4
452 3
453 4
454 4
455 2
456 2
457 0
458 1
459 2
460 0
461 0
462 0
463 1
464 0
465 2
466 0
467 4
468 5
469 2
470 2
471 3
472 1
473 3
474 4
475 4
476 3
477 2
478 5
479 2
480 1
481 4
482 5
483 4
484 3
485 2
486 2
487 3
488 4
489 4
490 5
491 1
492 1
493 3
494 2
495 3
496 4
497 5
498 3
499 3
500 0
501 2
502 3
503 2
504 0
505 0
506 5
507 2
508 4
509 4
510 2
511 0
512 5
513 0
514 0
515 3
516 5
517 2
518 3
519 5
520 0
521 3
522 4
523 3
524 0
525 1
526 2
527 4
528 3
529 4
530 2
531 4
532 4
533 4
534 5
535 4
536 4
537 3
538 0
539 0
540 2
541 0
542 2
543 2
544 1
545 5
546 3
547 5
548 5
549 4
550 4
551 2
552 3
553 2
554 3
555 0
556 3
557 0
558 3
559 1
560 3
561 0
562 3
563 5
564 1
565 5
566 2
567 5
568 4
569 4
570 4
571 0
572 0
573 0
574 4
575 0
576 1
577 3
578 3
579 4
580 5
581 0
582 3
583 5
584 5
585 0
586 3
587 2
588 3
589 0
590 2
591 2
592 5
593 5
594 1
595 5
596 4
597 5
598 2
599 4
600 0
601 4
602 5
603 3
604 1
605 3
606 0
607 5
608 5
609 1
610 1
611 5
612 2
613 3
614 5
615 2
616 0
617 3
618 1
619 4
620 5
621 5
622 4
623 1
624 0
625 4
626 5
627 3
628 2
629 5
630 3
631 4
632 5
633 3
634 2
635 4
636 1
637 0
638 3
639 2
640 3
641 3
642 0
643 2
644 3
645 3
646 1
647 5
648 0
649 1
650 5
651 3
652 3
653 5
654 1
655 5
656 1
657 4
658 0
659 3
660 3
661 3
662 4
663 2
664 5
665 1
666 0
667 5
668 5
669 3
670 0
671 5
672 5
673 5
674 2
675 5
676 5
677 2
678 0
679 4
680 4
681 4
682 5
683 0
684 3
685 3
686 1
687 4
688 1
689 1
690 2
691 5
692 4
693 0
694 4
695 4
696 3
697 4
698 2
699 4
700 2
701 5
702 0
703 1
704 3
705 3
706 5
707 4
708 4
709 0
710 2
711 3
712 0
713 0
714 5
715 1
716 4
717 0
718 0
719 4
720 3
721 4
722 5
723 5
724 4
725 3
726 5
727 1
728 1
729 0
730 5
731 1
732 4
733 4
734 0
735 5
736 3
737 2
738 5
739 2
740 0
741 2
742 2
743 4
744 0
745 2
746 2
747 2
748 0
749 0
750 3
751 3
752 2
753 3
754 5
755 3
756 3
757 4
758 0
759 0
760 5
761 3
762 1
763 5
764 0
765 4
766 5
767 3
768 5
769 3
770 0
771 1
772 4
773 5
774 3
775 2
776 0
777 4
778 2
779 2
780 2
781 3
782 5
783 4
784 0
785 1
786 3
787 5
788 4
789 3
790 2
791 2
792 4
793 1
794 1
795 1
796 3
797 0
798 2
799 1
800 5
801 0
802 2
803 2
804 0
805 2
806 4
807 5
808 1
809 1
810 3
811 1
812 1
813 5
814 2
815 0
816 1
817 2
818 5
819 3
820 4
821 4
822 3
823 5
824 0
825 4
826 0
827 1
828 4
829 3
830 4
831 4
832 5
833 4
834 0
835 1
836 0
837 5
838 3
839 0
840 3
841 4
842 5
843 2
844 2
845 3
846 1
847 2
848 1
849 5
850 1
851 4
852 2
853 2
854 4
855 3
856 5
857 1
858 4
859 4
860 1
861 1
862 2
863 1
864 5
865 4
866 3
867 1
868 0
869 1
870 4
871 3
872 4
873 0
874 1
875 4
876 4
877 4
878 2
879 4
880 0
881 4
882 4
883 2
884 4
885 4
886 0
887 4
888 1
889 1
890 5
891 1
892 1
893 1
894 3
895 2
896 0
897 3
898 1
899 3
900 4
901 2
902 1
903 4
904 4
905 0
906 1
907 2
908 3
909 0
910 2
911 5
912 1
913 0
914 2
915 5
916 4
917 3
918 0
919 0
920 2
921 1
922 1
923 2
924 1
925 4
926 0
927 5
928 5
929 3
930 4
931 4
932 5
933 4
934 3
935 3
936 2
937 5
938 1
939 4
940 3
941 1
942 2
943 0
944 0
945 1
946 2
947 3
948 1
949 0
950 1
951 3
952 1
953 3
954 5
955 0
956 4
957 4
958 5
959 4
960 1
961 5
962 1
963 2
964 1
965 3
966 3
967 2
968 0
969 0
970 4
971 1
972 2
973 5
974 4
975 3
976 4
977 3
978 2
979 4
980 5
981 2
982 2
983 3
984 5
985 5
986 3
987 2
988 3
989 1
990 2
991 5
992 1
993 3
994 5
995 0
996 0
997 3
998 0
999 0
