0 0
1 4
2 0
3 4
4 3
5 0
6 2
7 1
8 4
9 5
10 2
11 1
12 1
13 4
14 0
15 2
16 5
17 4
18 5
19 3
20 5
21 2
22 0
23 1
24 1
25 2
26 5
27 3
28 1
29 2
30 3
31 5
32 5
33 0
34 1
35 5
36 3
37 5
38 3
39 0
40 3
41 1
42 2
43 5
44 5
45 0
46 3
47 5
48 1
49 5
50 0
51 0
52 5
53 3
54 4
55 5
56 5
57 4
58 0
59 2
60 5
61 3
62 1
63 1
64 1
65 1
66 1
67 3
68 3
69 4
70 4
71 0
72 0
73 1
74 2
75 4
76 1
77 4
78 4
79 3
80 1
81 3
82 1
83 3
84 3
85 3
86 4
87 5
88 3
89 0
90 1
91 3
92 1
93 0
94 4
95 0
96 4
97 5
98 3
99 1
100 4
101 4
102 1
103 0
104 0
105 3
106 3
107 3
108 0
109 1
110 0
111 4
112 1
113 2
114 4
115 2
116 4
117 3
118 3
119 4
120 4
121 1
122 1
123 0
124 5
125 5
126 0
127 1
128 2
129 1
130 5
131 4
132 0
133 5
134 1
135 1
136 5
137 3
138 1
139 4
140 2
141 0
142 4
143 3
144 3
145 2
146 5
147 1
148 4
149 3
150 2
151 1
152 1
153 4
154 5
155 4
156 1
157 3
158 2
159 1
160 4
161 1
162 5
163 5
164 2
165 3
166 4
167 3
168 2
169 1
170 2
171 1
172 1
173 0
174 0
175 1
176 3
177 1
178 3
179 0
180 3
181 1
182 2
183 5
184 4
185 2
186 5
187 2
188 1
189 1
190 1
191 5
192 5
193 1
194 0
195 5
196 4
197 2
198 0
199 3
200 2
201 5
202 4
203 1
204 5
205 0
206 1
207 2
208 5
209 1
210 2
211 5
212 4
213 3
214 5
215 5
216 2
217 4
218 1
219 3
220 2
221 0
222 2
223 3
224 2
225 5
226 2
227 1
228 2
229 3
230 4
231 3
232 1
233 5
234 3
235 3
236 5
237 3
238 1
239 0
240 5
241 1
242 3
243 5
244 4
245 2
246 2
247 3
248 2
249 2
250 2
251 2
252 2
253 2
254 0
255 5
256 5
257 3
258 2
259 1
260 4
261 1
262 3
263 0
264 0
265 0
266 1
267 3
268 5
269 2
270 4
271 2
272 2
273 0
274 2
275 1
276 1
277 3
278 3
279 2
280 2
281 4
282 0
283 3
284 5
285 4
286 0
287 3
288 2
289 1
290 3
291 4
292 3
293 0
294 5
295 0
296 5
297 4
298 1
299 1
300 0
301 5
302 2
303 5
304 2
305 3
306 1
307 0
308 1
309 0
310 5
311 0
312 1
313 0
314 2
315 4
316 0
317 5
318 1
319 4
320 3
321 5
322 0
323 5
324 5
325 5
326 3
327 5
328 0
329 3
330 0
331 4
332 2
333 1
334 5
335 3
336 0
337 0
338 4
339 0
340 2
341 1
342 3
343 5
344 5
345 1
346 3
347 5
348 1
349 0
350 5
351 3
352 5
353 3
354 2
355 2
356 1
357 5
358 3
359 0
360 0
361 3
362 3
363 1
364 4
365 3
366 3
367 3
368 5
369 1
370 0
371 2
372 2
373 0
374 3
375 1
376 0
377 2
378 2
379 5
380 1
381 2
382 0
383 2
384 0
385 3
386 5
387 2
388 2
389 3
390 4
391 0
392 4
393 5
394 4
395 0
396 2
397 2
398 4
399 2
400 3
401 5
402 2
403 0
404 0
405 2
406 2
407 4
408 1
409 4
410 2
411 5
412 5
413 1
414 4
415 3
416 0
417 5
418 3
419 4
420 3
421 1
422 5
423 4
424 3
425 0
426 2
427 2
428 3
429 4
430 5
431 5
432 4
433 5
434 2
435 3
436 3
437 4
438 2
439 5
440 0
441 3
442 0
443 4
444 5
445 1
446 1
447 3
448 5
449 3
450 3
451 0
452 0
453 3
454 3
455 0
456 4
457 5
458 5
459 4
460 1
461 5
462 4
463 0
464 5
465 4
466 5
467 5
468 3
469 3
470 3
471 4
472 3
473 0
474 5
475 3
476 2
477 0
478 2
479 5
480 5
481 0
482 4
483 5
484 1
485 4
486 1
487 0
488 1
489 0
490 0
491 4
492 4
493 1
494 1
495 0
496 0
497 0
498 2
499 1
500 5
501 4
502 1
503 3
504 1
505 2
506 4
507 4
508 2
509 0
510 4
511 4
512 1
513 4
514 5
515 4
516 4
517 3
518 1
519 3
520 1
521 1
522 1
523 1
524 2
525 3
526 4
527 5
528 4
529 2
530 4
531 3
532 0
533 5
534 1
535 1
536 1
537 4
538 3
539 4
540 3
541 4
542 4
543 0
544 0
545 4
546 4
547 0
548 2
549 2
550 2
551 0
552 2
553 5
554 1
555 2
556 0
557 1
558 4
559 3
560 4
561 4
562 5
563 0
564 4
565 0
566 3
567 3
568 1
569 2
570 2
571 1
572 4
573 3
574 3
575 3
576 2
577 2
578 0
579 3
580 1
581 5
582 5
583 4
584 3
585 1
586 4
587 5
588 0
589 4
590 0
591 4
592 3
593 0
594 2
595 4
596 5
597 1
598 5
599 5
600 2
601 0
602 0
603 2
604 5
605 4
606 5
607 3
608 3
609 2
610 4
611 0
612 5
613 0
614 2
615 4
616 1
617 1
618 2
619 3
620 3
621 0
622 3
623 4
624 5
625 2
626 2
627 1
628 4
629 2
630 0
631 1
632 0
633 1
634 3
635 0
636 4
637 4
638 5
639 4
640 0
641 0
642 4
643 3
644 4
645 0
646 5
647 2
648 2
649 3
650 2
651 0
652 5
653 0
654 4
655 0
656 2
657 0
658 2
659 5
660 1
661 2
662 3
663 1
664 3
665 0
666 5
667 2
668 2
669 1
670 5
671 3
672 3
673 0
674 1
675 2
676 0
677 1
678 5
679 5
680 2
681 3
682 1
683 2
684 4
685 0
686 4
687 1
688 5
689 2
690 1
691 2
692 0
693 4
694 5
695 5
696 2
697 1
698 1
699 2
700 5
701 4
702 4
703 2
704 5
705 2
706 1
707 2
708 2
709 4
710 4
711 1
712 5
713 5
714 0
715 0
716 5
717 4
718 2
719 1
720 5
721 0
722 0
723 1
724 2
725 0
726 4
727 3
728 2
729 5
730 2
731 0
732 0
733 5
734 4
735 0
736 4
737 1
738 1
739 4
740 2
741 0
742 1
743 1
744 1
745 5
746 3
747 1
748 4
749 2
750 0
751 0
752 1
753 0
754 2
755 1
756 5
757 2
758 4
759 5
760 2
761 0
762 3
763 1
764 2
765 0
766 4
767 2
768 4
769 4
770 3
771 3
772 2
773 4
774 4
775 3
776 1
777 2
778 0
779 4
780 3
781 5
782 1
783 2
784 2
785 0
786 4
787 0
788 1
789 0
790 4
791 5
792 1
793 3
794 0
795 2
796 2
797 3
798 3
799 2
800 4
801 5
802 0
803 3
804 2
805 5
806 3
807 1
808 4
809 3
810 2
811 2
812 2
813 1
814 4
815 5
816 2
817 1
818 3
819 1
820 5
821 3
822 4
823 0
824 1
825 3
826 3
827 2
828 2
829 5
830 2
831 5
832 1
833 5
834 5
835 0
836 1
837 0
838 0
839 5
840 4
841 1
842 4
843 5
844 0
845 5
846 4
847 0
848 5
849 4
850 3
851 0
852 5
853 5
854 2
855 1
856 3
857 2
858 2
859 3
860 2
861 0
862 5
863 0
864 1
865 0
866 1
867 5
868 5
869 2
870 1
871 5
872 1
873 4
874 0
875 1
876 0
877 5
878 3
879 3
880 1
881 1
882 3
883 5
884 3
885 0
886 5
887 0
888 2
889 5
890 2
891 3
892 0
893 5
894 5
895 1
896 1
897 0
898 0
899 0
900 2
901 5
902 4
903 2
904 0
905 2
906 4
907 4
908 0
909 4
910 4
911 3
912 0
913 4
914 4
915 2
916 1
917 0
918 3
919 3
920 1
921 4
922 4
923 3
924 0
925 1
926 5
927 3
928 2
929 1
930 1
931 5
932 3
933 5
934 4
935 1
936 1
937 4
938 4
939 2
940 2
941 3
942 3
943 1
944 2
945 0
946 4
947 2
948 3
949 2
950 5
951 5
952 0
953 5
954 1
955 2
956 0
957 5
958 4
959 3
960 3
961 1
962 2
963 1
964 4
965 4
966 4
967 0
968 1
969 1
970 2
971 4
972 4
973 4
974 0
975 5
976 1
977 2
978 4
979 0
980 3
981 0
982 1
983 0
984 0
985 2
986 0
987 1
988 1
989 2
990 1
991 4
992 3
993 4
994 3
995 4
996 2
997 1
998 4
999 1
