0 0 9
1 0 9
2 0 9
3 0 9
4 0 9
5 0 9
6 0 9
7 0 9
8 0 9
9 0 9
0 1 3
1 1 3
2 1 3
3 1 3
4 1 3
5 1 3
6 1 3
7 1 3
8 1 3
9 1 3
0 2 5
1 2 5
2 2 2
3 2 5
4 2 5
5 2 5
6 2 5
7 2 5
8 2 2
9 2 5
0 3 6
1 3 6
2 3 6
3 3 6
4 3 6
5 3 6
6 3 6
7 3 6
8 3 6
9 3 6
0 4 4
10 4 4
11 4 4
2 4 4
3 4 4
12 4 4
13 4 4
14 4 4
15 4 4
16 4 4
0 5 3
10 5 3
11 5 3
2 5 9
3 5 0
12 5 3
13 5 3
14 5 9
15 5 9
16 5 3
0 6 0
10 6 9
11 6 0
2 6 0
3 6 9
12 6 9
13 6 9
14 6 9
15 6 9
16 6 0
0 7 5
10 7 5
11 7 7
2 7 5
3 7 7
12 7 5
13 7 7
14 7 7
15 7 7
16 7 7
4 8 0
17 8 0
18 8 0
19 8 0
5 8 0
10 8 0
20 8 0
1 8 0
21 8 4
0 8 0
4 9 4
17 9 4
18 9 4
19 9 4
5 9 4
10 9 4
20 9 4
1 9 4
21 9 4
0 9 4
4 10 2
17 10 2
18 10 2
19 10 2
5 10 2
10 10 2
20 10 2
1 10 2
21 10 0
0 10 2
4 11 5
17 11 5
18 11 5
19 11 5
5 11 5
10 11 5
20 11 5
1 11 5
21 11 1
0 11 5
4 12 0
5 12 0
22 12 0
18 12 0
6 12 0
19 12 0
23 12 0
24 12 0
25 12 0
26 12 0
4 13 1
5 13 1
22 13 1
18 13 1
6 13 1
19 13 1
23 13 1
24 13 1
25 13 1
26 13 1
4 14 9
5 14 9
22 14 9
18 14 9
6 14 9
19 14 9
23 14 9
24 14 9
25 14 9
26 14 9
4 15 4
5 15 4
22 15 4
18 15 4
6 15 4
19 15 4
23 15 4
24 15 4
25 15 4
26 15 4
11 16 8
7 16 8
10 16 8
1 16 8
27 16 8
28 16 8
20 16 8
29 16 8
30 16 8
31 16 8
11 17 4
7 17 4
10 17 4
1 17 4
27 17 4
28 17 4
20 17 4
29 17 4
30 17 4
31 17 4
11 18 3
7 18 3
10 18 3
1 18 3
27 18 3
28 18 3
20 18 3
29 18 3
30 18 3
31 18 3
11 19 8
7 19 8
10 19 8
1 19 8
27 19 8
28 19 8
20 19 8
29 19 8
30 19 8
31 19 8
11 20 3
32 20 3
33 20 3
2 20 3
34 20 3
7 20 3
35 20 3
36 20 3
21 20 3
37 20 3
11 21 1
32 21 1
33 21 1
2 21 1
34 21 1
7 21 1
35 21 1
36 21 1
21 21 1
37 21 1
11 22 4
32 22 4
33 22 4
2 22 4
34 22 4
7 22 4
35 22 4
36 22 4
21 22 4
37 22 4
11 23 6
32 23 6
33 23 6
2 23 6
34 23 6
7 23 6
35 23 6
36 23 6
21 23 6
37 23 6
3 24 3
12 24 3
38 24 3
39 24 3
8 24 3
9 24 3
40 24 3
41 24 3
42 24 3
43 24 3
3 25 3
12 25 3
38 25 3
39 25 3
8 25 3
9 25 3
40 25 3
41 25 3
42 25 3
35 25 3
3 26 3
12 26 3
38 26 3
39 26 3
8 26 3
9 26 3
40 26 3
41 26 3
42 26 3
35 26 3
3 27 7
12 27 7
38 27 7
39 27 7
8 27 7
9 27 7
40 27 7
41 27 7
42 27 7
35 27 7
32 28 7
22 28 7
13 28 7
44 28 7
45 28 7
46 28 7
27 28 7
18 28 7
36 28 7
39 28 7
32 29 4
22 29 4
13 29 4
44 29 4
45 29 4
46 29 4
27 29 4
18 29 4
36 29 4
39 29 4
47 0 9
48 0 9
49 0 9
50 0 9
51 0 9
52 0 9
53 0 9
54 0 9
55 0 9
56 0 9
47 1 6
48 1 3
49 1 3
50 1 6
51 1 3
52 1 3
53 1 3
54 1 3
55 1 3
56 1 3
47 2 5
48 2 5
49 2 5
50 2 5
51 2 5
52 2 5
53 2 5
54 2 5
55 2 5
56 2 5
47 3 6
48 3 6
49 3 6
50 3 6
51 3 6
52 3 6
53 3 3
54 3 6
55 3 6
56 3 6
47 4 4
48 4 4
57 4 4
58 4 4
49 4 4
23 4 4
59 4 4
60 4 4
25 4 4
61 4 4
47 5 9
48 5 3
57 5 9
58 5 9
49 5 3
23 5 9
59 5 3
60 5 9
25 5 3
46 5 9
47 6 9
48 6 9
57 6 9
58 6 0
49 6 9
23 6 0
59 6 0
60 6 0
25 6 9
61 6 9
47 7 7
48 7 7
57 7 5
58 7 7
49 7 7
23 7 7
59 7 7
60 7 5
25 7 7
46 7 5
47 8 0
48 8 0
62 8 0
57 8 0
50 8 0
63 8 0
64 8 0
65 8 0
66 8 4
67 8 0
47 9 4
48 9 4
62 9 4
57 9 4
50 9 4
63 9 4
64 9 4
65 9 4
66 9 4
67 9 6
47 10 2
48 10 2
62 10 2
57 10 2
50 10 2
63 10 2
64 10 2
65 10 2
66 10 2
67 10 2
47 11 5
48 11 5
62 11 5
57 11 5
50 11 5
63 11 5
64 11 5
65 11 5
66 11 5
67 11 5
57 12 0
68 12 0
69 12 0
62 12 0
70 12 0
71 12 0
72 12 0
73 12 0
74 12 0
75 12 0
57 13 1
68 13 1
69 13 1
62 13 1
70 13 1
71 13 1
72 13 1
73 13 1
74 13 1
75 13 1
57 14 9
68 14 9
69 14 9
62 14 9
70 14 9
71 14 9
72 14 9
73 14 9
74 14 9
75 14 9
57 15 4
68 15 4
69 15 4
62 15 4
70 15 4
71 15 4
72 15 4
73 15 4
74 15 4
75 15 2
50 16 8
58 16 8
76 16 8
63 16 8
77 16 8
51 16 8
78 16 8
79 16 8
80 16 8
53 16 8
50 17 4
58 17 4
76 17 4
63 17 4
77 17 4
51 17 4
78 17 4
79 17 4
80 17 4
53 17 4
50 18 3
58 18 3
76 18 3
63 18 3
77 18 3
51 18 3
78 18 3
79 18 3
80 18 3
53 18 3
50 19 8
58 19 8
76 19 8
63 19 8
77 19 8
51 19 8
78 19 8
79 19 8
80 19 8
53 19 8
81 20 9
69 20 3
49 20 3
68 20 3
82 20 3
83 20 3
84 20 3
85 20 3
46 20 3
55 20 3
69 21 1
49 21 1
86 21 1
68 21 1
82 21 1
83 21 1
84 21 1
85 21 1
46 21 1
55 21 1
69 22 4
49 22 4
86 22 4
68 22 4
82 22 4
83 22 4
84 22 4
85 22 4
46 22 4
55 22 4
81 23 6
69 23 6
49 23 6
68 23 6
82 23 6
83 23 6
84 23 6
85 23 6
46 23 6
55 23 6
63 24 3
62 24 3
87 24 3
14 24 3
88 24 2
58 24 3
76 24 3
89 24 3
90 24 3
91 24 2
63 25 3
62 25 3
87 25 3
14 25 3
88 25 3
58 25 3
76 25 3
89 25 3
90 25 3
91 25 3
63 26 3
62 26 3
87 26 3
14 26 3
88 26 3
58 26 3
76 26 3
89 26 3
90 26 3
91 26 3
63 27 7
62 27 7
87 27 7
14 27 7
88 27 7
58 27 7
76 27 7
89 27 7
90 27 7
91 27 7
81 28 7
64 28 7
92 28 7
51 28 7
93 28 7
94 28 7
77 28 7
52 28 7
95 28 7
61 28 7
81 29 4
64 29 4
92 29 4
51 29 4
93 29 4
94 29 4
77 29 4
52 29 4
95 29 4
61 29 4
10 30 6
45 30 6
38 30 6
12 30 6
9 30 6
96 30 6
97 30 6
18 30 6
98 30 6
99 30 6
10 31 5
45 31 5
38 31 5
12 31 5
9 31 5
96 31 5
97 31 5
18 31 5
98 31 5
99 31 5
10 32 7
45 32 7
38 32 7
12 32 7
9 32 7
96 32 7
97 32 7
18 32 7
98 32 7
99 32 7
10 33 0
45 33 0
38 33 0
12 33 0
9 33 0
96 33 0
97 33 0
18 33 0
98 33 0
99 33 0
10 34 1
38 34 1
45 34 1
100 34 1
101 34 1
102 34 1
37 34 1
103 34 1
104 34 8
105 34 1
10 35 8
38 35 5
45 35 5
100 35 5
101 35 5
102 35 8
37 35 8
103 35 5
104 35 5
105 35 8
10 36 0
38 36 9
45 36 9
100 36 0
101 36 0
102 36 9
37 36 9
103 36 0
104 36 9
105 36 0
10 37 2
38 37 2
45 37 2
100 37 2
101 37 2
102 37 2
37 37 2
103 37 2
104 37 2
105 37 2
38 38 1
96 38 1
30 38 5
51 38 1
106 38 1
107 38 1
108 38 1
109 38 1
26 38 5
110 38 1
38 39 7
96 39 7
30 39 7
51 39 7
106 39 7
107 39 7
108 39 7
109 39 7
26 39 7
110 39 7
38 40 7
96 40 7
30 40 7
51 40 7
106 40 7
107 40 7
108 40 7
109 40 7
26 40 7
110 40 7
38 41 6
96 41 6
30 41 6
51 41 6
106 41 6
107 41 6
108 41 6
109 41 1
26 41 6
110 41 6
10 42 1
111 42 1
9 42 1
112 42 1
113 42 1
46 42 1
114 42 1
115 42 1
24 42 1
116 42 1
10 43 7
111 43 7
9 43 7
112 43 7
113 43 7
46 43 7
114 43 7
115 43 7
24 43 7
116 43 7
10 44 1
111 44 1
9 44 1
112 44 1
113 44 1
46 44 1
114 44 1
115 44 1
24 44 1
116 44 1
10 45 2
111 45 2
9 45 2
112 45 2
113 45 2
46 45 2
114 45 2
115 45 2
24 45 2
116 45 0
117 46 3
5 46 3
118 46 3
7 46 3
12 46 3
10 46 3
38 46 3
119 46 3
111 46 3
27 46 3
117 47 9
5 47 9
118 47 9
7 47 9
12 47 9
10 47 9
38 47 9
119 47 9
111 47 9
27 47 9
117 48 7
5 48 7
118 48 7
7 48 7
12 48 7
10 48 7
38 48 7
119 48 7
111 48 7
27 48 7
117 49 6
5 49 6
118 49 6
7 49 6
12 49 6
10 49 6
38 49 6
119 49 6
111 49 6
27 49 6
9 50 9
113 50 9
112 50 9
120 50 9
121 50 9
96 50 9
44 50 9
122 50 9
123 50 9
124 50 9
9 51 7
113 51 7
112 51 7
120 51 7
121 51 7
96 51 7
44 51 7
122 51 7
123 51 7
124 51 7
9 52 0
113 52 0
112 52 0
120 52 0
121 52 0
96 52 0
44 52 0
122 52 0
123 52 0
124 52 0
9 53 4
113 53 4
112 53 4
120 53 4
121 53 4
96 53 4
44 53 4
122 53 4
123 53 4
124 53 4
9 54 0
13 54 0
5 54 0
46 54 0
117 54 0
37 54 0
97 54 0
118 54 0
102 54 0
30 54 0
9 55 2
13 55 2
5 55 2
46 55 2
117 55 2
37 55 2
97 55 2
118 55 2
102 55 2
30 55 2
9 56 7
13 56 7
5 56 7
46 56 7
117 56 7
37 56 7
97 56 7
118 56 7
102 56 7
30 56 7
9 57 7
13 57 7
5 57 7
46 57 7
117 57 7
37 57 7
97 57 7
118 57 7
102 57 7
30 57 7
7 58 1
125 58 1
5 58 1
13 58 1
126 58 1
101 58 1
114 58 1
127 58 1
12 58 1
31 58 1
7 59 0
125 59 0
5 59 0
13 59 0
126 59 0
101 59 0
114 59 0
127 59 0
12 59 0
31 59 0
7 30 6
97 30 6
128 30 6
129 30 6
15 30 6
130 30 6
131 30 6
94 30 6
112 30 6
132 30 6
7 31 5
97 31 5
128 31 5
129 31 5
15 31 5
130 31 5
131 31 5
133 31 5
112 31 5
132 31 5
7 32 7
97 32 7
128 32 7
129 32 7
15 32 7
130 32 7
131 32 7
134 32 7
112 32 7
132 32 7
7 33 0
97 33 0
128 33 0
129 33 0
130 33 0
15 33 0
131 33 0
94 33 0
112 33 0
132 33 0
135 34 1
136 34 1
128 34 1
137 34 1
7 34 1
72 34 1
129 34 1
138 34 1
97 34 1
126 34 1
135 35 5
136 35 5
128 35 8
137 35 5
7 35 5
72 35 5
129 35 8
138 35 8
97 35 5
126 35 5
135 36 9
136 36 0
128 36 0
137 36 0
7 36 9
72 36 0
129 36 9
138 36 0
97 36 9
126 36 0
135 37 2
136 37 2
128 37 2
137 37 2
7 37 2
72 37 2
129 37 2
138 37 2
97 37 2
126 37 2
129 38 1
135 38 5
136 38 1
128 38 1
139 38 1
140 38 1
141 38 5
142 38 1
143 38 1
144 38 1
129 39 7
135 39 7
136 39 7
128 39 7
139 39 7
140 39 7
141 39 7
142 39 7
143 39 7
144 39 7
129 40 7
135 40 7
136 40 7
128 40 7
139 40 7
140 40 7
141 40 7
142 40 8
143 40 7
144 40 7
129 41 1
135 41 1
136 41 6
128 41 1
139 41 6
140 41 6
141 41 6
142 41 6
143 41 6
144 41 6
145 42 1
128 42 1
146 42 1
147 42 1
136 42 1
137 42 1
148 42 1
130 42 1
135 42 1
54 42 1
145 43 7
128 43 7
146 43 7
147 43 7
136 43 7
137 43 7
148 43 7
130 43 7
135 43 7
149 43 7
145 44 1
128 44 1
146 44 1
147 44 1
136 44 1
137 44 1
148 44 1
130 44 1
135 44 1
149 44 1
145 45 2
128 45 2
146 45 2
147 45 2
136 45 2
137 45 2
148 45 2
130 45 2
135 45 2
149 45 2
139 46 3
147 46 3
72 46 3
150 46 3
136 46 3
33 46 3
146 46 3
145 46 3
151 46 3
152 46 3
139 47 9
147 47 9
72 47 9
150 47 9
136 47 9
33 47 9
146 47 9
145 47 9
151 47 9
152 47 9
139 48 7
147 48 7
72 48 7
150 48 7
136 48 7
33 48 7
146 48 7
145 48 7
151 48 7
152 48 7
139 49 6
147 49 6
72 49 6
150 49 6
136 49 6
33 49 6
146 49 0
145 49 6
151 49 6
152 49 6
139 50 9
153 50 9
154 50 9
122 50 9
155 50 9
137 50 9
156 50 9
148 50 9
157 50 9
66 50 9
139 51 7
153 51 7
154 51 7
122 51 7
155 51 7
137 51 7
156 51 7
148 51 7
157 51 7
66 51 7
139 52 0
153 52 0
154 52 0
122 52 0
155 52 0
137 52 0
156 52 0
148 52 0
157 52 0
66 52 0
139 53 4
153 53 4
154 53 4
122 53 4
155 53 4
137 53 4
156 53 4
148 53 4
157 53 4
66 53 4
139 54 0
147 54 0
129 54 0
150 54 0
140 54 0
141 54 0
66 54 0
72 54 0
77 54 0
134 54 0
139 55 2
147 55 2
129 55 2
150 55 2
140 55 2
141 55 2
66 55 2
72 55 2
77 55 2
134 55 2
139 56 7
147 56 7
129 56 7
150 56 7
140 56 7
141 56 7
66 56 7
72 56 7
77 56 7
134 56 7
139 57 7
147 57 7
129 57 7
150 57 7
140 57 7
141 57 7
66 57 7
72 57 7
77 57 7
134 57 7
158 58 1
132 58 1
159 58 1
131 58 1
33 58 1
160 58 1
153 58 1
161 58 1
138 58 1
162 58 1
158 59 0
132 59 0
159 59 0
131 59 0
33 59 0
160 59 0
153 59 0
161 59 0
138 59 0
162 59 0
163 60 3
164 60 3
29 60 3
165 60 3
166 60 3
167 60 3
90 60 3
168 60 3
143 60 3
169 60 3
170 61 5
171 61 5
172 61 5
173 61 5
174 61 5
164 61 5
175 61 5
176 61 5
177 61 5
12 61 5
178 62 6
179 62 0
180 62 6
181 62 6
182 62 6
183 62 6
184 62 6
185 62 6
186 62 6
187 62 6
188 63 4
189 63 4
190 63 4
191 63 4
192 63 4
29 63 4
193 63 4
194 63 4
195 63 4
196 63 4
188 64 9
189 64 9
190 64 3
191 64 3
192 64 3
29 64 3
193 64 9
194 64 0
195 64 9
196 64 3
163 65 9
164 65 9
29 65 9
165 65 9
166 65 9
167 65 9
90 65 9
168 65 9
143 65 9
169 65 9
170 66 5
172 66 7
171 66 5
181 66 5
197 66 5
174 66 4
173 66 5
124 66 5
198 66 7
199 66 7
170 67 0
172 67 0
171 67 0
163 67 0
135 67 0
185 67 0
200 67 0
201 67 0
202 67 0
203 67 0
170 68 2
172 68 2
171 68 2
181 68 0
197 68 2
174 68 2
173 68 2
124 68 0
198 68 2
199 68 2
163 69 5
164 69 5
29 69 5
165 69 5
166 69 5
167 69 7
90 69 5
168 69 5
143 69 1
169 69 5
170 70 3
172 70 3
171 70 3
163 70 6
135 70 3
185 70 3
200 70 3
201 70 3
202 70 4
203 70 3
177 71 5
165 71 5
204 71 2
205 71 5
139 71 5
206 71 5
175 71 5
207 71 5
208 71 5
209 71 5
170 72 3
171 72 6
172 72 6
173 72 6
174 72 8
164 72 6
175 72 6
176 72 6
177 72 6
12 72 6
170 73 4
172 73 4
171 73 4
181 73 4
197 73 4
174 73 4
173 73 4
124 73 6
198 73 4
199 73 4
177 74 9
165 74 9
204 74 3
205 74 3
139 74 3
206 74 3
175 74 3
207 74 3
208 74 3
209 74 3
188 75 9
189 75 0
190 75 9
191 75 9
192 75 0
29 75 9
193 75 9
194 75 9
195 75 9
196 75 9
174 76 5
188 76 5
204 76 7
205 76 7
179 76 7
164 76 7
210 76 7
163 76 7
3 76 7
211 76 7
177 77 4
165 77 4
204 77 0
205 77 0
139 77 0
206 77 0
175 77 0
207 77 0
208 77 0
209 77 0
175 78 2
206 78 2
181 78 2
166 78 2
212 78 2
213 78 2
214 78 2
167 78 2
20 78 2
147 78 2
163 79 5
164 79 5
29 79 5
165 79 5
166 79 5
167 79 6
90 79 5
168 79 5
143 79 1
169 79 5
170 80 2
171 80 5
172 80 2
173 80 5
174 80 2
164 80 5
175 80 5
176 80 5
177 80 2
12 80 5
175 81 7
206 81 7
181 81 7
166 81 7
212 81 7
213 81 7
214 81 7
167 81 7
215 81 7
147 81 7
177 82 0
135 82 0
216 82 0
217 82 4
165 82 0
12 82 0
112 82 0
218 82 0
173 82 0
200 82 0
170 83 1
171 83 1
172 83 1
173 83 1
174 83 1
164 83 1
175 83 1
176 83 1
177 83 1
12 83 1
170 84 5
172 84 8
171 84 5
163 84 5
135 84 5
185 84 5
200 84 8
201 84 5
202 84 8
203 84 5
177 85 0
135 85 9
216 85 0
217 85 0
165 85 0
12 85 0
112 85 9
218 85 9
173 85 9
200 85 9
174 86 2
188 86 2
204 86 2
205 86 2
179 86 2
164 86 2
210 86 2
163 86 2
3 86 2
211 86 2
177 87 1
135 87 5
216 87 5
217 87 5
165 87 1
12 87 1
112 87 5
218 87 1
173 87 1
200 87 1
188 88 9
189 88 9
190 88 9
191 88 1
192 88 9
29 88 9
193 88 2
194 88 9
195 88 9
196 88 9
175 89 1
206 89 1
181 89 8
166 89 4
212 89 6
213 89 8
214 89 5
167 89 4
147 89 0
219 89 0
174 90 2
188 90 2
204 90 5
205 90 5
179 90 2
164 90 5
210 90 5
163 90 5
3 90 2
211 90 5
178 91 7
179 91 7
180 91 7
181 91 7
182 91 7
183 91 7
184 91 7
185 91 7
186 91 7
187 91 7
175 92 0
206 92 0
181 92 0
166 92 0
212 92 0
213 92 0
214 92 0
167 92 0
215 92 0
147 92 0
170 93 1
172 93 1
171 93 1
181 93 1
197 93 1
174 93 1
173 93 1
124 93 1
198 93 1
199 93 1
178 94 8
179 94 8
180 94 5
181 94 5
182 94 5
183 94 5
184 94 8
185 94 5
186 94 5
187 94 5
174 95 0
188 95 0
204 95 0
205 95 0
179 95 0
164 95 0
210 95 0
163 95 9
3 95 0
211 95 0
178 96 2
179 96 2
180 96 2
181 96 2
182 96 2
183 96 2
184 96 2
185 96 2
186 96 2
187 96 2
177 97 1
165 97 1
204 97 1
205 97 1
139 97 1
206 97 1
175 97 1
207 97 1
208 97 1
209 97 1
177 98 7
135 98 7
216 98 7
217 98 7
165 98 7
12 98 7
112 98 7
218 98 7
173 98 7
200 98 7
170 99 6
172 99 6
171 99 6
163 99 6
135 99 1
185 99 6
200 99 6
201 99 1
202 99 1
203 99 6
