0 0 1
1 0 1
2 0 0
3 0 1
4 0 1
5 0 1
6 0 1
7 0 1
8 0 1
9 0 1
10 0 1
11 0 1
12 0 1
13 0 1
14 0 1
15 0 1
16 0 1
17 0 4
18 0 1
19 0 1
20 0 1
5 0 1
21 0 1
22 0 1
23 0 1
24 0 1
25 0 1
26 0 1
27 0 1
28 0 1
0 1 2
1 1 0
2 1 0
3 1 2
4 1 2
5 1 0
6 1 2
7 1 0
9 1 3
29 1 0
10 1 2
11 1 2
12 1 0
13 1 0
14 1 2
15 1 2
16 1 2
17 1 0
18 1 2
19 1 0
20 1 2
5 1 2
21 1 2
22 1 2
23 1 2
24 1 2
25 1 2
26 1 0
27 1 2
30 1 2
0 2 4
1 2 3
2 2 4
3 2 4
4 2 4
5 2 4
6 2 3
7 2 4
8 2 3
9 2 3
10 2 4
11 2 3
12 2 4
31 2 3
14 2 4
15 2 4
16 2 3
17 2 4
18 2 3
19 2 4
20 2 4
5 2 4
21 2 4
22 2 4
23 2 4
32 2 1
24 2 4
25 2 4
26 2 4
30 2 4
0 3 1
1 3 1
2 3 0
3 3 1
4 3 0
5 3 0
6 3 0
7 3 3
9 3 1
29 3 0
10 3 0
11 3 0
12 3 1
13 3 1
14 3 1
15 3 0
16 3 0
17 3 3
18 3 1
19 3 3
20 3 0
5 3 0
21 3 1
22 3 0
23 3 1
32 3 0
24 3 1
25 3 0
26 3 0
30 3 1
0 4 4
1 4 1
2 4 4
3 4 1
4 4 2
5 4 4
6 4 1
7 4 2
33 4 1
9 4 1
10 4 1
11 4 1
12 4 1
13 4 3
14 4 2
15 4 1
16 4 1
17 4 2
18 4 4
19 4 1
20 4 4
5 4 4
21 4 4
23 4 2
32 4 1
24 4 1
25 4 2
28 4 1
26 4 2
34 4 1
29 5 0
35 5 0
9 5 0
36 5 1
37 5 0
38 5 0
39 5 0
40 5 0
41 5 0
33 5 1
10 5 0
11 5 0
31 5 0
13 5 0
42 5 1
43 5 0
44 5 0
45 5 0
46 5 0
12 5 0
47 5 0
48 5 0
30 5 0
49 5 0
5 5 1
16 5 0
22 5 0
9 5 0
21 5 0
24 5 0
29 6 1
35 6 0
9 6 2
36 6 3
37 6 3
38 6 0
39 6 0
40 6 0
41 6 0
33 6 0
10 6 0
11 6 1
31 6 2
42 6 1
43 6 1
44 6 4
45 6 2
46 6 0
12 6 0
47 6 0
48 6 0
30 6 0
49 6 4
5 6 0
16 6 0
22 6 0
9 6 0
21 6 0
24 6 0
50 6 4
29 7 0
35 7 1
9 7 1
36 7 1
37 7 1
38 7 0
39 7 1
40 7 0
41 7 1
33 7 1
10 7 0
11 7 1
31 7 1
42 7 1
43 7 1
44 7 1
45 7 1
46 7 1
12 7 1
47 7 0
48 7 1
30 7 1
49 7 1
5 7 1
16 7 1
22 7 1
9 7 1
21 7 1
24 7 1
50 7 1
29 8 0
35 8 0
9 8 0
36 8 2
37 8 0
38 8 0
39 8 2
40 8 0
41 8 0
33 8 0
10 8 0
11 8 0
31 8 0
42 8 4
43 8 0
44 8 2
45 8 0
46 8 0
12 8 2
47 8 0
48 8 0
30 8 0
49 8 3
5 8 0
16 8 2
22 8 0
9 8 0
21 8 0
24 8 0
50 8 0
51 9 0
52 9 3
35 9 0
41 9 0
53 9 3
9 9 3
54 9 3
29 9 0
8 9 3
55 9 3
1 9 0
22 9 0
50 9 0
56 9 3
40 9 3
33 9 3
57 9 3
58 9 0
59 9 3
13 9 0
10 9 3
11 9 0
31 9 0
42 9 2
13 9 0
45 9 0
60 9 3
61 9 0
14 9 0
43 9 0
22 9 0
44 9 0
62 9 0
63 9 0
25 9 3
64 9 0
34 9 0
65 9 3
5 9 3
30 9 0
66 0 1
39 0 3
67 0 1
68 0 3
69 0 3
16 0 3
14 0 1
70 0 3
10 0 1
71 0 1
10 0 1
42 0 0
72 0 1
22 0 1
5 0 3
63 0 3
32 0 1
62 0 1
73 0 3
74 0 1
75 0 1
2 0 3
66 0 1
76 0 3
8 0 1
77 0 1
28 0 3
78 0 1
18 0 3
24 0 3
66 1 0
39 1 0
67 1 0
68 1 0
34 1 0
29 1 0
16 1 0
70 1 0
10 1 2
71 1 0
10 1 2
42 1 3
72 1 0
22 1 2
5 1 0
63 1 0
32 1 2
62 1 2
73 1 0
74 1 0
75 1 0
79 1 0
2 1 0
66 1 0
76 1 2
77 1 0
28 1 0
78 1 0
18 1 0
8 1 0
66 2 3
39 2 3
67 2 3
68 2 3
34 2 3
16 2 3
70 2 3
80 2 3
10 2 4
71 2 3
10 2 4
42 2 2
72 2 3
22 2 3
5 2 4
63 2 3
32 2 1
62 2 3
73 2 3
74 2 3
75 2 3
79 2 3
2 2 3
66 2 3
76 2 3
8 2 3
77 2 3
78 2 3
18 2 3
28 2 3
66 3 0
39 3 1
67 3 0
68 3 0
69 3 0
16 3 0
70 3 0
80 3 1
10 3 0
71 3 0
10 3 1
42 3 3
72 3 0
22 3 0
5 3 0
63 3 2
32 3 0
62 3 0
73 3 0
74 3 0
75 3 0
79 3 0
2 3 0
66 3 0
76 3 0
8 3 0
77 3 0
78 3 0
18 3 1
28 3 0
66 4 1
39 4 1
67 4 1
68 4 1
16 4 1
70 4 1
80 4 1
10 4 3
81 4 4
71 4 1
10 4 3
42 4 3
72 4 1
22 4 1
5 4 1
63 4 1
32 4 3
62 4 1
73 4 1
74 4 1
75 4 1
79 4 1
66 4 1
8 4 1
77 4 1
82 4 1
78 4 1
83 4 1
18 4 1
28 4 1
81 5 0
35 5 1
14 5 1
69 5 0
84 5 1
53 5 1
31 5 1
52 5 1
80 5 0
9 5 0
70 5 0
85 5 0
86 5 0
22 5 1
16 5 0
87 5 2
88 5 1
58 5 0
27 5 1
3 5 0
10 5 1
31 5 1
42 5 1
45 5 2
22 5 1
72 5 0
5 5 1
14 5 1
63 5 0
61 5 1
89 5 1
76 5 0
30 5 1
25 5 0
64 5 1
0 5 0
2 5 1
24 5 1
90 5 1
91 5 0
81 6 1
35 6 4
14 6 1
69 6 4
84 6 0
53 6 4
31 6 4
52 6 4
70 6 4
9 6 0
85 6 4
86 6 1
22 6 0
16 6 1
87 6 1
80 6 4
88 6 4
58 6 1
27 6 4
92 6 4
10 6 4
31 6 4
42 6 1
45 6 4
22 6 0
72 6 4
5 6 0
14 6 4
63 6 4
61 6 4
89 6 4
76 6 4
30 6 4
25 6 3
64 6 4
0 6 4
2 6 4
93 6 1
90 6 4
91 6 4
81 7 1
35 7 1
14 7 1
69 7 0
84 7 0
53 7 0
31 7 0
52 7 1
70 7 1
9 7 1
85 7 1
86 7 1
22 7 1
16 7 1
87 7 1
80 7 1
88 7 1
58 7 1
27 7 0
92 7 1
10 7 1
31 7 1
42 7 1
45 7 1
22 7 1
72 7 1
5 7 1
14 7 1
63 7 1
61 7 0
89 7 1
76 7 1
30 7 0
25 7 1
64 7 1
0 7 1
2 7 1
24 7 0
90 7 0
91 7 0
81 8 2
35 8 2
14 8 0
69 8 2
84 8 2
53 8 2
31 8 2
52 8 2
16 8 2
9 8 0
70 8 2
85 8 0
29 8 0
86 8 0
22 8 0
87 8 2
80 8 2
88 8 2
58 8 2
27 8 2
10 8 0
31 8 2
42 8 0
45 8 0
22 8 0
72 8 2
5 8 0
14 8 2
63 8 0
61 8 2
89 8 2
76 8 2
30 8 2
25 8 0
64 8 2
0 8 2
2 8 0
24 8 2
90 8 2
91 8 2
66 9 0
94 9 0
29 9 0
81 9 0
95 9 0
16 9 0
34 9 0
14 9 0
35 9 0
70 9 0
10 9 3
31 9 0
62 9 0
32 9 0
45 9 0
77 9 0
15 9 0
94 9 0
42 9 0
18 9 0
22 9 0
46 9 0
72 9 3
73 9 0
96 9 0
93 9 3
75 9 0
5 9 3
69 9 0
97 9 0
98 0 1
99 0 1
100 0 1
101 0 1
102 0 1
103 0 1
104 0 1
105 0 1
106 0 1
107 0 1
108 1 0
109 1 0
110 1 2
111 1 2
112 1 2
113 1 0
114 1 2
115 1 2
21 1 0
116 1 2
117 2 4
118 2 3
119 2 3
120 2 4
102 2 4
109 2 3
121 2 4
122 2 4
123 2 4
124 2 4
125 3 1
126 3 1
121 3 3
127 3 1
128 3 1
129 3 0
130 3 0
131 3 0
132 3 1
133 3 1
134 4 1
135 4 3
136 4 2
137 4 1
108 4 2
138 4 4
84 4 1
139 4 2
140 4 1
21 4 4
98 5 0
99 5 0
100 5 0
141 5 0
101 5 0
102 5 0
103 5 1
105 5 1
106 5 0
107 5 0
118 6 0
134 6 0
142 6 0
59 6 0
117 6 0
143 6 0
144 6 0
104 6 0
145 6 4
146 6 0
108 7 1
109 7 1
110 7 1
111 7 4
112 7 1
113 7 1
114 7 1
115 7 1
21 7 1
116 7 1
142 8 0
108 8 0
111 8 0
115 8 0
147 8 2
148 8 0
149 8 0
136 8 0
150 8 0
151 8 0
126 9 3
118 9 3
119 9 3
134 9 3
142 9 3
59 9 3
117 9 3
144 9 3
104 9 3
145 9 3
98 10 4
101 10 4
141 10 4
99 10 4
152 10 4
122 10 4
120 10 4
111 10 4
100 10 4
153 10 4
100 11 2
147 11 2
154 11 2
84 11 2
103 11 2
155 11 2
156 11 2
157 11 2
151 11 2
158 11 2
98 12 0
141 12 0
101 12 0
99 12 0
154 12 0
152 12 2
121 12 0
126 12 0
159 12 0
153 12 0
142 13 1
108 13 1
102 13 1
109 13 1
111 13 1
115 13 1
148 13 1
149 13 1
116 13 1
150 13 1
125 14 3
126 14 3
121 14 3
127 14 1
128 14 3
129 14 3
130 14 1
131 14 1
132 14 3
133 14 3
122 15 0
109 15 0
142 15 0
154 15 0
160 15 0
37 15 0
114 15 0
161 15 0
127 15 0
162 15 0
152 16 3
117 16 3
118 16 3
119 16 3
120 16 3
163 16 3
121 16 3
121 16 3
122 16 4
123 16 3
124 16 3
164 17 0
134 17 1
136 17 0
137 17 0
108 17 0
84 17 0
139 17 0
140 17 0
162 17 0
21 17 0
125 18 1
165 18 4
37 18 1
163 18 1
120 18 3
105 18 1
166 18 3
167 18 4
168 18 1
169 18 1
170 19 1
147 19 0
119 19 0
164 19 0
123 19 0
171 19 1
172 19 0
161 19 0
173 19 0
162 19 0
164 20 4
134 20 2
136 20 0
137 20 4
108 20 4
84 20 4
139 20 4
140 20 4
162 20 2
21 20 4
98 21 1
141 21 1
101 21 0
99 21 1
154 21 1
152 21 1
121 21 1
126 21 1
159 21 0
153 21 1
98 22 0
99 22 2
100 22 2
101 22 2
102 22 2
103 22 2
104 22 2
105 22 0
106 22 2
107 22 2
142 23 3
108 23 0
102 23 0
109 23 0
111 23 0
115 23 0
148 23 0
149 23 0
116 23 0
150 23 0
100 24 1
154 24 1
84 24 1
103 24 1
155 24 1
156 24 1
143 24 1
157 24 1
158 24 1
146 24 1
100 25 2
147 25 2
154 25 2
84 25 2
103 25 2
155 25 2
156 25 2
157 25 0
151 25 2
158 25 2
122 26 0
109 26 0
142 26 0
154 26 0
160 26 0
37 26 0
114 26 0
161 26 0
127 26 0
162 26 0
170 27 3
147 27 1
119 27 4
123 27 3
127 27 1
171 27 1
172 27 1
161 27 1
129 27 1
173 27 1
170 28 0
147 28 2
119 28 2
123 28 0
127 28 2
171 28 2
172 28 0
129 28 2
161 28 3
173 28 2
98 29 3
141 29 3
101 29 3
99 29 3
154 29 3
152 29 3
121 29 4
102 29 4
126 29 4
159 29 4
126 30 1
118 30 0
119 30 1
134 30 1
142 30 1
59 30 1
117 30 1
144 30 1
104 30 1
145 30 1
134 31 1
135 31 3
136 31 1
137 31 1
108 31 1
138 31 4
84 31 3
139 31 1
140 31 1
21 31 4
117 32 0
118 32 0
119 32 0
120 32 0
102 32 0
109 32 0
121 32 0
121 32 0
122 32 0
123 32 0
124 32 1
125 33 4
126 33 0
121 33 4
128 33 0
115 33 0
130 33 4
131 33 4
132 33 0
133 33 4
21 33 0
152 34 1
117 34 1
118 34 1
119 34 1
120 34 1
163 34 1
121 34 1
122 34 1
123 34 1
124 34 1
126 35 0
125 35 0
119 35 0
165 35 0
37 35 0
163 35 2
120 35 0
166 35 2
167 35 0
169 35 0
118 36 3
149 36 3
142 36 3
103 36 0
134 36 3
167 36 3
161 36 3
174 36 3
175 36 3
176 36 3
122 37 4
109 37 4
154 37 4
152 37 4
160 37 4
37 37 4
163 37 4
114 37 4
127 37 4
162 37 4
125 38 2
165 38 2
37 38 2
163 38 2
120 38 2
105 38 2
166 38 2
167 38 0
168 38 2
169 38 2
170 39 0
147 39 0
119 39 0
164 39 0
123 39 0
171 39 0
172 39 0
161 39 0
173 39 0
162 39 0
108 40 1
109 40 1
110 40 1
111 40 1
112 40 1
105 40 1
113 40 1
114 40 1
168 40 1
116 40 1
118 41 3
149 41 1
142 41 1
103 41 3
134 41 1
167 41 3
161 41 1
174 41 3
175 41 1
176 41 1
98 42 0
101 42 0
141 42 0
99 42 0
152 42 0
122 42 0
120 42 0
111 42 0
100 42 0
116 42 0
98 43 3
141 43 3
101 43 3
99 43 3
154 43 3
152 43 3
121 43 3
102 43 3
126 43 3
159 43 3
98 44 0
99 44 1
100 44 0
141 44 1
101 44 0
102 44 0
103 44 0
105 44 0
106 44 0
107 44 0
122 45 1
109 45 1
154 45 1
152 45 1
160 45 1
37 45 1
163 45 1
114 45 1
127 45 1
162 45 1
141 46 0
118 46 0
102 46 1
149 46 0
103 46 0
134 46 0
167 46 1
174 46 0
175 46 0
176 46 0
142 47 0
108 47 4
111 47 4
115 47 0
147 47 4
148 47 4
149 47 1
116 47 2
150 47 4
151 47 0
108 48 1
109 48 1
110 48 0
111 48 1
112 48 0
105 48 1
113 48 1
114 48 0
168 48 1
59 48 1
98 49 0
141 49 0
101 49 2
99 49 2
152 49 0
122 49 2
120 49 2
111 49 2
100 49 2
104 49 2
98 50 0
141 50 0
101 50 0
99 50 0
152 50 0
122 50 0
120 50 0
111 50 0
100 50 0
104 50 0
141 51 1
118 51 1
102 51 1
149 51 1
103 51 1
134 51 1
167 51 1
174 51 1
175 51 1
115 51 1
126 52 2
125 52 2
119 52 2
165 52 2
37 52 2
163 52 2
120 52 2
166 52 2
167 52 2
169 52 2
118 53 3
134 53 0
142 53 0
59 53 3
117 53 0
143 53 0
144 53 0
104 53 0
145 53 0
146 53 3
