0 0 4
1 0 4
2 0 4
3 0 4
4 0 4
5 0 4
6 0 4
7 0 4
8 0 4
9 0 4
10 0 4
11 0 0
12 0 1
13 0 4
14 0 4
15 0 4
16 0 4
17 0 4
18 0 4
19 0 4
0 1 2
1 1 2
2 1 2
3 1 2
4 1 2
5 1 2
6 1 2
7 1 2
8 1 2
9 1 2
10 1 2
11 1 2
12 1 1
13 1 2
14 1 2
15 1 2
16 1 2
17 1 2
18 1 2
19 1 2
0 2 0
1 2 1
2 2 0
3 2 0
4 2 0
5 2 0
6 2 0
7 2 0
8 2 0
9 2 0
10 2 0
11 2 0
12 2 0
13 2 0
14 2 0
15 2 0
16 2 0
17 2 0
18 2 0
19 2 0
0 3 9
1 3 9
2 3 9
3 3 9
4 3 9
5 3 9
6 3 9
7 3 9
8 3 9
9 3 9
10 3 9
11 3 9
12 3 9
13 3 9
14 3 9
15 3 9
16 3 9
17 3 9
18 3 9
19 3 9
1 4 3
0 4 3
2 4 3
3 4 3
20 4 3
6 4 3
7 4 3
21 4 3
5 4 3
22 4 3
23 4 3
24 4 3
25 4 3
8 4 3
26 4 3
4 4 3
27 4 3
28 4 3
29 4 3
30 4 3
1 5 2
0 5 2
2 5 2
3 5 2
20 5 2
6 5 2
7 5 2
21 5 2
5 5 2
22 5 2
23 5 2
24 5 2
25 5 2
8 5 2
26 5 6
4 5 2
27 5 2
28 5 1
29 5 2
30 5 2
1 6 6
0 6 6
2 6 6
3 6 6
20 6 6
6 6 6
7 6 6
21 6 6
5 6 6
22 6 6
23 6 6
24 6 6
25 6 6
8 6 6
26 6 6
4 6 6
27 6 6
28 6 6
29 6 6
30 6 6
1 7 7
0 7 7
2 7 7
3 7 7
20 7 7
31 7 7
6 7 7
7 7 7
21 7 7
5 7 7
22 7 7
23 7 7
24 7 7
25 7 7
8 7 7
26 7 5
4 7 7
27 7 7
28 7 7
29 7 7
1 8 4
2 8 4
0 8 4
3 8 4
20 8 4
31 8 4
32 8 4
7 8 4
6 8 4
9 8 4
33 8 5
21 8 4
5 8 4
34 8 4
35 8 4
11 8 4
36 8 4
37 8 4
30 8 4
38 8 1
1 9 9
2 9 9
0 9 9
3 9 9
20 9 9
31 9 9
32 9 9
7 9 9
6 9 9
9 9 9
33 9 9
21 9 9
5 9 9
34 9 9
35 9 9
39 9 9
11 9 9
36 9 9
37 9 9
38 9 9
1 10 2
2 10 2
0 10 2
3 10 2
20 10 2
31 10 2
32 10 2
7 10 2
6 10 2
9 10 2
33 10 2
21 10 2
5 10 2
34 10 2
35 10 2
39 10 2
11 10 2
36 10 2
37 10 2
38 10 2
1 11 0
2 11 0
0 11 0
3 11 0
20 11 0
31 11 0
32 11 0
7 11 0
6 11 0
9 11 0
40 11 0
33 11 0
21 11 0
5 11 0
34 11 0
35 11 0
11 11 0
36 11 0
37 11 0
38 11 0
1 12 9
2 12 0
0 12 0
20 12 9
3 12 9
31 12 0
40 12 0
32 12 9
7 12 9
23 12 0
6 12 9
9 12 0
12 12 0
13 12 0
39 12 9
14 12 9
22 12 9
41 12 0
15 12 0
42 12 0
1 13 0
2 13 0
0 13 0
20 13 0
3 13 0
31 13 0
40 13 0
32 13 0
7 13 0
23 13 0
6 13 0
9 13 0
12 13 0
13 13 0
39 13 0
14 13 0
22 13 0
41 13 0
15 13 0
42 13 0
1 14 0
2 14 0
0 14 0
20 14 0
3 14 0
31 14 0
40 14 0
32 14 0
7 14 0
23 14 0
6 14 0
9 14 0
12 14 0
13 14 0
14 14 0
43 14 0
22 14 0
41 14 0
15 14 0
42 14 0
1 15 4
2 15 4
0 15 4
20 15 4
3 15 4
32 15 4
31 15 4
7 15 4
23 15 4
6 15 4
9 15 4
12 15 4
13 15 4
14 15 4
43 15 4
22 15 4
41 15 4
15 15 4
40 15 4
42 15 4
1 16 2
2 16 2
0 16 2
20 16 2
31 16 2
32 16 2
7 16 2
25 16 2
6 16 2
8 16 2
24 16 2
23 16 2
3 16 2
9 16 2
43 16 2
40 16 2
26 16 0
44 16 2
33 16 2
16 16 2
1 17 7
2 17 7
0 17 7
20 17 7
31 17 7
32 17 7
7 17 7
25 17 7
6 17 7
8 17 7
24 17 7
23 17 7
3 17 7
9 17 7
43 17 7
40 17 7
26 17 7
44 17 7
33 17 0
16 17 7
1 18 0
2 18 0
0 18 0
20 18 0
31 18 0
32 18 0
7 18 0
25 18 0
6 18 0
8 18 0
24 18 0
23 18 0
3 18 0
9 18 0
21 18 0
40 18 0
26 18 7
44 18 0
33 18 1
16 18 0
1 19 0
2 19 0
0 19 0
20 19 0
32 19 0
7 19 0
31 19 0
25 19 0
6 19 0
8 19 0
24 19 0
23 19 9
3 19 0
9 19 0
21 19 0
26 19 0
44 19 0
33 19 0
4 19 0
16 19 0
20 20 5
31 20 5
32 20 5
25 20 5
21 20 5
13 20 5
17 20 5
5 20 5
45 20 5
14 20 5
9 20 5
36 20 5
43 20 5
46 20 5
12 20 5
47 20 5
22 20 5
48 20 8
49 20 5
4 20 5
20 21 0
31 21 0
32 21 0
25 21 0
21 21 0
13 21 0
17 21 0
5 21 0
45 21 0
14 21 0
9 21 0
36 21 0
43 21 0
46 21 0
12 21 0
47 21 0
22 21 0
48 21 0
49 21 0
4 21 0
20 22 9
31 22 9
32 22 9
25 22 9
13 22 9
17 22 9
5 22 9
45 22 9
14 22 9
9 22 9
36 22 9
43 22 9
46 22 9
12 22 9
47 22 9
22 22 9
48 22 9
49 22 9
4 22 9
27 22 9
20 23 6
32 23 6
25 23 6
31 23 6
13 23 6
17 23 6
5 23 6
45 23 6
14 23 6
9 23 6
36 23 6
43 23 6
46 23 6
12 23 1
47 23 6
22 23 6
48 23 6
49 23 6
27 23 6
50 23 6
31 24 2
13 24 2
18 24 2
37 24 2
45 24 2
44 24 2
51 24 2
21 24 2
14 24 2
17 24 2
5 24 2
40 24 2
41 24 2
52 24 1
53 24 2
28 24 2
54 24 2
27 24 2
50 24 2
48 24 2
31 25 0
13 25 0
18 25 0
37 25 0
45 25 0
44 25 0
21 25 0
51 25 0
14 25 0
17 25 0
5 25 0
40 25 0
41 25 0
52 25 1
53 25 0
28 25 0
54 25 0
27 25 0
50 25 0
48 25 0
31 26 2
13 26 2
18 26 2
37 26 2
45 26 2
44 26 2
21 26 2
51 26 6
14 26 2
26 26 6
17 26 2
5 26 2
40 26 2
41 26 2
52 26 6
53 26 2
28 26 6
54 26 2
50 26 6
48 26 2
13 27 6
18 27 6
37 27 6
45 27 6
44 27 6
21 27 6
51 27 1
14 27 6
26 27 7
17 27 6
5 27 6
40 27 6
55 27 1
41 27 1
52 27 1
53 27 6
28 27 6
38 27 5
54 27 1
48 27 6
36 28 4
26 28 4
13 28 4
18 28 4
45 28 4
56 28 4
46 28 4
43 28 4
37 28 4
55 28 4
44 28 4
57 28 4
58 28 4
42 28 4
12 28 4
21 28 4
48 28 4
47 28 4
38 28 4
59 28 4
36 29 7
26 29 9
13 29 7
18 29 7
45 29 7
56 29 7
46 29 7
43 29 7
37 29 7
55 29 7
44 29 7
57 29 7
58 29 7
42 29 7
12 29 7
21 29 7
48 29 7
47 29 7
60 29 7
59 29 7
36 30 4
13 30 4
18 30 4
45 30 4
56 30 4
46 30 4
43 30 4
37 30 4
55 30 4
44 30 4
57 30 4
58 30 4
42 30 4
12 30 4
21 30 6
48 30 4
51 30 4
47 30 4
38 30 4
59 30 4
36 31 4
13 31 4
18 31 4
45 31 4
56 31 4
46 31 4
43 31 4
37 31 4
44 31 4
57 31 4
58 31 4
14 31 4
42 31 4
12 31 1
21 31 4
48 31 4
51 31 4
47 31 4
59 31 4
38 31 3
36 32 2
56 32 2
26 32 2
43 32 2
45 32 2
37 32 2
14 32 2
61 32 2
46 32 2
62 32 2
55 32 2
40 32 2
63 32 2
17 32 2
51 32 2
22 32 2
33 32 2
64 32 2
65 32 2
59 32 2
36 33 2
56 33 2
26 33 2
43 33 2
45 33 2
37 33 2
14 33 2
61 33 2
46 33 2
62 33 2
55 33 2
40 33 2
63 33 2
17 33 2
51 33 8
22 33 2
33 33 0
64 33 8
65 33 8
59 33 2
36 34 4
56 34 4
26 34 0
43 34 4
45 34 4
37 34 4
14 34 4
61 34 4
66 34 4
46 34 4
62 34 4
55 34 4
40 34 4
63 34 4
17 34 4
22 34 4
33 34 1
64 34 0
65 34 4
59 34 4
36 35 0
56 35 0
26 35 5
43 35 0
45 35 0
37 35 0
61 35 0
18 35 0
66 35 0
46 35 0
62 35 0
55 35 0
40 35 0
63 35 0
17 35 0
22 35 0
33 35 5
64 35 5
65 35 0
67 35 0
18 36 4
66 36 4
56 36 4
49 36 4
36 36 4
43 36 4
45 36 4
62 36 4
58 36 4
68 36 4
44 36 4
46 36 4
69 36 4
57 36 4
37 36 4
26 36 4
61 36 4
4 36 4
41 36 4
67 36 4
18 37 8
66 37 8
56 37 8
49 37 8
36 37 8
43 37 8
45 37 8
62 37 8
58 37 8
68 37 8
44 37 8
46 37 8
69 37 8
57 37 8
37 37 8
26 37 8
61 37 8
4 37 8
41 37 8
67 37 8
18 38 0
56 38 0
49 38 0
36 38 0
43 38 0
45 38 0
66 38 0
62 38 0
58 38 0
68 38 0
44 38 0
46 38 0
69 38 0
57 38 0
37 38 0
26 38 0
4 38 0
61 38 0
41 38 0
67 38 0
18 39 2
56 39 2
49 39 2
36 39 2
43 39 2
45 39 2
66 39 2
62 39 2
58 39 2
68 39 2
44 39 2
55 39 2
46 39 2
69 39 2
57 39 2
37 39 2
26 39 2
61 39 2
4 39 2
41 39 2
18 40 4
66 40 4
56 40 4
49 40 4
55 40 4
32 40 4
8 40 4
62 40 4
68 40 4
42 40 4
70 40 4
40 40 4
71 40 4
63 40 4
72 40 8
44 40 4
59 40 4
73 40 1
16 40 8
19 40 1
18 41 8
66 41 8
56 41 8
49 41 8
55 41 8
32 41 8
8 41 8
62 41 8
68 41 8
42 41 8
70 41 8
58 41 8
40 41 8
71 41 8
63 41 8
72 41 9
44 41 8
59 41 9
73 41 9
19 41 9
18 42 9
56 42 9
49 42 9
55 42 9
32 42 9
66 42 9
8 42 9
68 42 9
42 42 9
70 42 9
58 42 9
40 42 9
71 42 9
63 42 9
17 42 9
72 42 9
44 42 9
59 42 1
73 42 1
19 42 5
56 43 6
49 43 6
32 43 6
66 43 6
8 43 6
68 43 6
42 43 6
70 43 6
58 43 6
40 43 6
71 43 6
63 43 6
17 43 3
72 43 6
74 43 6
44 43 6
59 43 6
73 43 6
16 43 6
19 43 3
56 44 5
66 44 5
62 44 5
58 44 5
55 44 5
17 44 5
8 44 5
69 44 5
68 44 5
70 44 5
52 44 5
42 44 5
46 44 5
49 44 5
57 44 5
51 44 5
48 44 5
74 44 5
16 44 5
12 44 1
56 45 9
66 45 9
62 45 9
55 45 9
17 45 9
8 45 9
69 45 9
68 45 9
70 45 9
52 45 1
42 45 9
46 45 9
49 45 9
47 45 9
57 45 9
51 45 9
48 45 9
74 45 9
16 45 9
12 45 1
56 46 5
66 46 5
62 46 5
55 46 5
8 46 5
69 46 5
68 46 5
70 46 5
52 46 1
42 46 5
58 46 5
46 46 5
49 46 5
47 46 5
57 46 5
51 46 5
48 46 5
74 46 5
22 46 5
12 46 5
56 47 7
66 47 7
62 47 7
55 47 7
8 47 7
69 47 7
68 47 7
70 47 7
52 47 1
42 47 7
71 47 7
58 47 7
46 47 7
49 47 7
47 47 7
57 47 7
51 47 7
48 47 7
22 47 7
12 47 1
66 48 3
62 48 3
71 48 3
75 48 3
53 48 3
76 48 3
60 48 3
58 48 3
47 48 3
61 48 3
55 48 3
38 48 3
63 48 3
77 48 3
22 48 3
15 48 3
4 48 3
78 48 3
79 48 3
33 48 3
66 49 9
62 49 9
71 49 9
75 49 9
53 49 9
76 49 9
60 49 9
58 49 9
61 49 9
55 49 9
80 49 9
38 49 9
63 49 9
77 49 9
22 49 9
15 49 9
4 49 9
78 49 3
79 49 9
33 49 9
37 0 7
18 0 7
81 0 7
82 0 7
1 0 7
28 0 8
77 0 1
2 0 7
0 0 8
29 0 7
5 0 8
39 0 8
63 0 7
83 0 8
84 0 1
85 0 1
86 0 7
87 0 1
19 0 8
46 0 7
37 1 0
18 1 0
81 1 0
82 1 0
1 1 0
5 1 0
77 1 0
2 1 0
0 1 0
29 1 0
39 1 0
63 1 0
83 1 0
84 1 0
85 1 0
86 1 0
87 1 0
19 1 0
46 1 0
28 1 0
37 2 2
18 2 2
81 2 2
82 2 2
1 2 2
28 2 2
77 2 8
2 2 2
0 2 2
29 2 2
5 2 2
39 2 2
63 2 2
83 2 2
84 2 2
85 2 2
86 2 2
87 2 2
19 2 2
38 2 2
37 50 4
18 50 6
81 50 6
82 50 6
1 50 6
28 50 6
77 50 6
2 50 6
0 50 4
29 50 6
5 50 4
39 50 6
63 50 6
83 50 6
84 50 6
85 50 6
86 50 6
87 50 6
19 50 6
38 50 6
37 4 6
18 4 6
5 4 6
28 4 6
1 4 6
82 4 6
56 4 6
2 4 6
68 4 6
0 4 6
20 4 6
77 4 6
46 4 6
22 4 6
29 4 6
48 4 6
67 4 6
15 4 6
6 4 6
78 4 6
37 5 3
18 5 9
5 5 9
1 5 9
82 5 9
56 5 9
2 5 9
68 5 9
0 5 9
20 5 9
77 5 3
46 5 9
22 5 9
29 5 9
48 5 9
67 5 9
15 5 9
88 5 9
28 5 3
89 5 9
37 6 2
18 6 2
5 6 2
1 6 2
82 6 2
56 6 2
2 6 2
68 6 2
0 6 2
20 6 2
77 6 0
46 6 2
22 6 2
29 6 2
48 6 2
67 6 2
15 6 2
28 6 2
6 6 2
78 6 2
37 7 6
18 7 6
1 7 6
82 7 6
56 7 6
2 7 6
68 7 6
5 7 3
0 7 3
20 7 3
77 7 1
46 7 3
22 7 3
29 7 3
48 7 6
67 7 3
15 7 6
28 7 3
6 7 6
89 7 6
37 51 5
18 51 5
1 51 5
56 51 5
2 51 5
82 51 5
68 51 5
20 51 5
49 51 5
8 51 5
39 51 3
27 51 5
6 51 5
70 51 5
77 51 5
71 51 5
5 51 5
90 51 5
0 51 5
88 51 5
37 9 0
18 9 0
1 9 0
56 9 0
2 9 0
82 9 0
68 9 0
20 9 0
49 9 0
8 9 0
39 9 0
27 9 0
6 9 0
70 9 0
77 9 0
71 9 0
5 9 0
90 9 0
0 9 0
88 9 0
37 10 7
18 10 7
1 10 7
56 10 7
2 10 7
82 10 7
68 10 7
20 10 7
49 10 7
8 10 7
39 10 7
27 10 7
6 10 7
70 10 7
77 10 7
71 10 7
5 10 7
90 10 7
0 10 7
88 10 2
37 11 7
18 11 7
1 11 7
56 11 7
2 11 7
82 11 7
68 11 7
20 11 7
49 11 7
8 11 7
39 11 3
27 11 7
6 11 7
70 11 7
77 11 5
71 11 7
5 11 7
90 11 7
0 11 7
88 11 3
37 52 6
18 52 6
1 52 6
56 52 6
0 52 6
68 52 6
49 52 6
31 52 6
2 52 6
20 52 2
63 52 6
84 52 6
8 52 6
46 52 6
91 52 6
22 52 6
92 52 6
43 52 7
14 52 7
93 52 6
37 13 5
18 13 5
1 13 5
56 13 5
0 13 5
68 13 5
49 13 5
31 13 5
2 13 5
20 13 5
63 13 5
84 13 5
8 13 5
46 13 5
91 13 5
22 13 5
92 13 5
43 13 5
14 13 5
93 13 5
37 53 9
18 53 9
1 53 9
56 53 9
0 53 9
68 53 9
49 53 9
31 53 9
2 53 9
20 53 9
63 53 9
84 53 9
8 53 9
46 53 9
91 53 9
22 53 9
92 53 9
43 53 9
14 53 9
93 53 9
37 15 7
18 15 7
1 15 7
56 15 7
0 15 7
68 15 7
49 15 7
31 15 7
2 15 7
20 15 7
63 15 7
84 15 7
8 15 7
46 15 7
91 15 7
22 15 7
92 15 7
43 15 7
14 15 7
93 15 7
1 16 5
37 16 5
18 16 6
56 16 5
20 16 5
0 16 1
2 16 6
70 16 5
68 16 5
29 16 6
94 16 6
54 16 5
27 16 5
31 16 6
95 16 6
86 16 5
85 16 6
48 16 6
6 16 5
96 16 6
1 17 8
37 17 8
18 17 8
56 17 8
20 17 8
0 17 8
2 17 8
70 17 8
68 17 8
29 17 8
94 17 8
54 17 8
27 17 8
31 17 8
95 17 8
86 17 8
85 17 8
48 17 8
6 17 8
96 17 8
1 18 1
37 18 8
18 18 1
56 18 1
20 18 1
0 18 8
2 18 8
68 18 8
29 18 6
94 18 8
77 18 1
54 18 1
27 18 6
31 18 6
95 18 8
86 18 8
85 18 8
48 18 8
6 18 6
96 18 8
1 19 0
37 19 0
18 19 0
56 19 0
49 19 0
20 19 0
0 19 0
2 19 0
68 19 0
29 19 0
94 19 0
54 19 0
27 19 0
31 19 0
95 19 0
86 19 0
85 19 0
48 19 0
6 19 0
96 19 0
56 20 0
49 20 0
70 20 0
20 20 0
7 20 0
71 20 0
77 20 0
39 20 0
97 20 0
8 20 0
68 20 0
98 20 0
46 20 0
63 20 0
29 20 0
84 20 0
6 20 0
99 20 0
100 20 0
44 20 0
56 21 6
49 21 6
70 21 6
20 21 6
7 21 6
71 21 6
77 21 7
39 21 7
97 21 6
8 21 6
68 21 6
98 21 6
46 21 6
63 21 6
29 21 7
88 21 6
84 21 6
99 21 6
100 21 6
44 21 7
56 22 3
49 22 3
20 22 3
7 22 3
71 22 3
77 22 0
39 22 3
70 22 3
97 22 3
8 22 3
68 22 3
98 22 3
46 22 3
63 22 3
29 22 3
88 22 3
84 22 3
99 22 3
100 22 3
44 22 3
56 23 0
20 23 0
7 23 0
49 23 0
71 23 0
39 23 1
70 23 0
97 23 0
8 23 0
68 23 0
98 23 0
46 23 0
63 23 0
29 23 1
88 23 0
84 23 0
99 23 1
94 23 0
100 23 0
44 23 0
49 24 8
7 24 8
70 24 8
5 24 3
71 24 8
51 24 3
91 24 8
77 24 3
101 24 8
102 24 8
4 24 8
90 24 8
13 24 8
103 24 8
104 24 3
94 24 8
67 24 3
19 24 3
105 24 8
78 24 3
49 25 9
7 25 9
70 25 1
5 25 6
71 25 9
51 25 6
91 25 9
77 25 6
101 25 1
102 25 9
90 25 9
13 25 1
87 25 1
103 25 9
104 25 9
94 25 1
106 25 1
67 25 2
19 25 6
78 25 2
49 26 8
7 26 5
70 26 5
5 26 5
71 26 5
51 26 5
91 26 5
77 26 5
101 26 5
102 26 8
90 26 8
13 26 8
87 26 5
103 26 5
104 26 5
94 26 5
106 26 5
67 26 5
19 26 5
43 26 5
49 27 2
7 27 2
70 27 2
5 27 2
71 27 2
51 27 2
91 27 2
77 27 2
57 27 2
101 27 2
102 27 2
90 27 2
13 27 2
87 27 2
103 27 2
104 27 2
106 27 2
67 27 2
19 27 2
43 27 2
49 28 4
7 28 4
70 28 4
8 28 4
31 28 4
98 28 4
21 28 4
86 28 4
97 28 4
54 28 4
57 28 4
95 28 4
46 28 4
88 28 4
107 28 1
27 28 4
87 28 4
22 28 4
106 28 4
39 28 4
49 29 8
7 29 8
70 29 8
8 29 8
31 29 8
98 29 8
21 29 8
86 29 8
97 29 8
54 29 8
57 29 8
95 29 8
46 29 8
88 29 8
107 29 8
27 29 8
5 29 8
22 29 8
39 29 8
105 29 8
49 30 4
8 30 4
31 30 6
7 30 6
98 30 6
21 30 4
86 30 4
97 30 4
54 30 6
57 30 4
95 30 4
70 30 4
46 30 4
88 30 4
107 30 6
27 30 4
4 30 4
22 30 4
39 30 6
105 30 6
7 54 8
8 54 8
31 54 8
98 54 8
86 54 8
97 54 8
54 54 8
95 54 8
70 54 8
46 54 8
88 54 8
107 54 8
27 54 8
5 54 8
4 54 8
22 54 8
85 54 8
39 54 8
108 54 8
105 54 8
7 32 9
21 32 9
31 32 9
8 32 9
70 32 9
91 32 9
5 32 9
4 32 9
86 32 9
63 32 9
97 32 9
98 32 9
92 32 9
109 32 9
110 32 9
85 32 9
71 32 9
103 32 9
111 32 9
51 32 1
7 33 4
31 33 4
8 33 4
70 33 4
91 33 4
5 33 4
86 33 4
63 33 4
97 33 4
98 33 4
92 33 4
109 33 4
21 33 4
110 33 4
85 33 4
71 33 4
103 33 4
111 33 4
51 33 1
108 33 4
7 34 0
31 34 0
8 34 0
91 34 0
86 34 0
63 34 0
97 34 0
98 34 0
54 34 0
92 34 0
109 34 0
57 34 0
21 34 0
110 34 0
85 34 0
71 34 0
103 34 0
111 34 0
51 34 0
108 34 0
7 35 6
31 35 6
8 35 6
91 35 6
86 35 6
63 35 6
101 35 6
97 35 6
98 35 6
54 35 6
92 35 6
109 35 6
57 35 6
21 35 4
110 35 6
71 35 6
103 35 6
111 35 6
51 35 6
108 35 6
7 36 3
31 36 3
101 36 3
95 36 3
14 36 3
54 36 3
91 36 3
46 36 3
27 36 3
86 36 3
57 36 3
36 36 3
29 36 0
48 36 3
21 36 3
102 36 3
112 36 0
4 36 3
113 36 3
38 36 0
7 37 5
31 37 5
101 37 5
95 37 5
14 37 2
54 37 5
91 37 5
46 37 5
27 37 5
86 37 5
57 37 5
36 37 5
29 37 2
114 37 5
48 37 5
102 37 5
112 37 1
4 37 5
113 37 5
38 37 1
7 38 4
31 38 4
101 38 4
95 38 4
14 38 4
91 38 4
27 38 4
32 38 4
86 38 4
36 38 4
29 38 4
114 38 4
48 38 4
63 38 4
102 38 4
115 38 4
112 38 1
4 38 4
116 38 4
113 38 4
7 39 2
31 39 2
95 39 2
14 39 2
91 39 2
27 39 2
32 39 2
86 39 2
101 39 2
3 39 2
36 39 2
29 39 2
48 39 2
63 39 2
102 39 2
115 39 2
112 39 2
4 39 2
116 39 2
113 39 2
32 40 2
101 40 2
3 40 2
88 40 2
114 40 2
45 40 2
98 40 2
14 40 2
91 40 2
95 40 2
97 40 2
13 40 2
63 40 2
54 40 2
92 40 2
115 40 2
116 40 2
90 40 2
87 40 2
84 40 2
32 41 3
101 41 3
3 41 3
88 41 3
114 41 3
45 41 3
98 41 3
14 41 3
91 41 3
95 41 3
97 41 3
13 41 3
63 41 3
54 41 3
92 41 3
115 41 3
116 41 3
90 41 3
87 41 3
84 41 3
101 42 5
3 42 5
32 42 5
88 42 5
45 42 5
98 42 5
14 42 5
117 42 5
91 42 5
95 42 5
97 42 5
13 42 5
27 42 5
54 42 5
92 42 5
90 42 5
87 42 1
89 42 5
84 42 1
118 42 5
32 43 5
88 43 5
45 43 2
98 43 5
14 43 5
117 43 5
101 43 5
91 43 5
95 43 5
97 43 5
3 43 5
13 43 5
27 43 5
54 43 5
92 43 5
90 43 5
87 43 1
89 43 2
84 43 2
43 43 2
32 44 8
117 44 8
101 44 8
3 44 8
109 44 8
6 44 8
88 44 8
27 44 8
36 44 8
45 44 8
114 44 8
104 44 8
15 44 8
57 44 8
119 44 8
89 44 8
43 44 8
120 44 8
118 44 8
28 44 8
32 45 3
117 45 3
101 45 3
3 45 3
109 45 3
6 45 3
88 45 3
27 45 3
36 45 3
45 45 3
114 45 3
104 45 3
15 45 3
57 45 3
119 45 3
89 45 3
43 45 3
120 45 3
118 45 3
28 45 3
101 46 3
3 46 3
109 46 3
6 46 3
88 46 3
36 46 3
45 46 3
114 46 3
98 46 3
32 46 3
104 46 3
14 46 3
15 46 3
57 46 3
119 46 3
121 46 3
43 46 3
117 46 3
120 46 3
28 46 3
109 47 9
6 47 9
88 47 9
36 47 9
101 47 9
45 47 9
114 47 9
98 47 9
32 47 9
104 47 9
14 47 9
15 47 9
57 47 9
119 47 9
121 47 9
94 47 9
43 47 9
117 47 9
120 47 9
28 47 9
66 55 1
101 55 1
62 55 1
98 55 1
32 55 1
3 55 1
110 55 1
14 55 1
21 55 1
97 55 1
48 55 1
121 55 1
13 55 1
94 55 1
99 55 1
53 55 1
117 55 1
22 55 1
95 55 1
43 55 1
66 49 1
101 49 4
62 49 4
98 49 4
32 49 4
3 49 4
110 49 4
14 49 3
21 49 4
97 49 4
48 49 4
121 49 0
13 49 4
94 49 4
99 49 1
53 49 1
117 49 1
22 49 4
95 49 1
43 49 3
